704
9931
9276
9112
7544
5854
1349
5674
8457
8364
60
3482
3340
5558
1257
6214
1787
4813
4148
5792
4903
5055
4383
6219
6888
3102
100
3125
2494
7472
4931
2097
909
1057
9537
8208
9160
9657
1157
2110
1511
891
8772
1094
2534
1491
4607
2090
9191
6339
5447
1827
6488
1153
162
4007
5687
7830
9378
5621
1748
9101
1850
5093
6444
8886
9501
4358
9713
8634
1569
1442
3853
6530
2011
1082
8276
7941
4308
9648
9021
7390
9545
2520
7497
519
7190
5959
9127
6761
8189
6530
2130
7856
7421
8713
8211
9674
4216
1933
344
6274
4967
2265
8223
7418
6414
3932
9580
9112
1064
9471
8166
7247
4361
4516
2396
1893
9120
157
1044
6584
4410
3620
6961
3226
6468
8153
4477
6060
8359
2781
8501
6441
8613
2995
9052
7243
2525
9211
6725
5456
7357
6557
9345
9921
4219
1770
5489
9822
7349
3176
5620
4998
5310
8536
8914
8009
9802
5569
9905
7672
9457
8671
3763
2853
6081
7409
5787
9210
5352
9159
1059
679
2727
5118
6966
4065
5353
5230
1970
8195
8684
5249
2062
9110
7095
8576
9138
9876
9476
6714
3229
5278
7655
5156
7598
5875
9512
8732
8672
1245
7819
1382
1508
2323
7245
4705
5398
3346
4843
6153
6316
1203
8079
3435
9775
1484
1925
7165
1326
7552
7272
4621
3236
3412
4558
9717
6410
5985
2903
8136
3999
4811
5307
2763
6743
4759
151
2102
2405
9851
7845
1414
5399
128
2807
7476
8351
6454
3213
964
3555
8811
1561
3708
525
356
2574
8506
4181
6664
7156
7776
1793
249
665
1987
8740
9865
8423
364
100
8232
8547
6214
2625
7855
5919
3007
5988
8560
3179
4625
2704
2282
3258
4717
660
570
750
5241
590
2064
1035
4409
104
2677
436
521
1565
9187
7757
4938
9748
4280
9650
7087
1871
578
7209
8119
1904
555
6658
8825
9740
6896
1321
458
8234
7745
632
5806
5850
9551
9476
4906
1713
3311
216
4157
2230
1812
6032
8176
4427
2738
2907
1470
5377
181
591
2284
3548
3989
3984
8344
1300
4776
1354
3811
5326
1257
5672
59
3936
2857
9959
4361
2009
5839
9724
4670
6035
314
7987
9318
9909
1541
2907
9013
6153
3612
8524
6948
2500
1515
7779
9741
2232
2282
4675
7443
6536
7845
8879
1567
3750
5232
1324
1302
1594
899
7428
300
6883
3664
6826
4999
3365
7838
4325
7831
5037
171
8406
1704
7999
6802
1533
2018
7311
7764
5824
7075
9827
8889
5410
2544
9303
9073
3136
8262
1269
7490
6325
4205
9863
2417
4161
6293
9777
8531
6135
7032
9545
4279
6989
1119
8697
5309
3726
5198
1239
4727
2844
9793
2088
253
5864
3553
4688
150
1642
1010
7675
3286
4889
5418
4537
2388
7359
3077
8630
5744
4451
6706
3058
9035
3626
5009
7951
5291
4310
5538
8921
1130
2358
4563
2259
3279
4723
4900
9373
9590
8048
77
4893
5557
2982
5449
9508
1172
9698
9197
7489
7720
9974
3509
400
7144
2955
347
9467
7206
7277
593
6018
5292
268
7424
1742
8160
8395
764
6774
6308
7069
9586
6665
4209
1357
3072
9532
4843
2413
8968
6390
1083
4536
9308
323
4096
3210
1187
7736
5150
6692
1729
202
4171
8432
6989
8980
3137
2031
30
5060
5211
3480
2416
8922
6706
7832
1809
9295
2557
6314
4866
9163
2100
9480
5827
1399
1242
913
1019
1698
5171
9921
8461
5534
45
775
7789
2467
7419
4295
351
5284
4837
880
3293
1665
9458
1068
1200
8401
6494
7269
6077
3556
977
5096
7194
7984
6042
7150
2022
3385
2098
9547
877
352
9047
3525
5661
8094
8547
1542
3864
2013
7539
1321
2015
5511
1959
9391
1632
3028
2842
6003
2350
3164
952
8233
7125
2703
39
9494
1273
1850
9709
8093
9370
5275
4255
6886
3610
6832
3620
410
1380
6108
1621
3929
4095
4307
71
4146
237
8085
4630
3025
5418
870
80
5198
4618
9906
3134
7955
3844
4217
2061
3476
4460
2711
2842
7864
8803
6783
7164
3652
4198
2821
3329
2102
6653
7571
7604
984
7319
9588
7821
3602
8743
1986
3713
5164
6057
9882
8468
4438
3088
4953
4309
3709
7433
8471
2015
4147
7553
2895
8744
379
866
9197
7103
8917
9965
3364
6664
9504
4625
4887
6594
2267
4691
2088
2604
8037
115
7054
2161
1476
5565
5971
5710
3792
6182
9130
1912
7988
6636
626
7154
2744
1331
9109
8988
7140
6842
9680
8545
8171
6341
452
3684
9117
999
8127
2422
1402
2991
7853
6465
8719
579
9067
2476
4050
4117
6505
7648
9957
5724
2520
308
5631
8854
2835
3068
9335
7293
4250
3807
2015
197
5030
2488
8981
7671
5107
7438
204
5519
5406
3255
3717
3474
6430
4968
4679
1667
1643
5003
7541
869
6
856
747
2237
9806
3984
571
30
1077
8405
5326
5612
1914
9472
4012
6143
4297
7182
5486
2626
5765
8616
5211
4321
4347
921
6570
9881
735
9740
442
6221
8979
5634
8690
7278
7044
3953
654
6539
4290
5735
7315
5772
37
7901
126
1757
6794
6517
2021
9585
5148
6206
4347
8263
8634
5779
5626
5964
8363
4574
2634
443
5710
568
240
2952
3452
9473
7488
6879
9692
2762
3646
4
851
3922
2152
6334
4581
9350
9826
4275
6469
8953
4930
1545
4447
7782
5063
1854
9341
4919
36
5806
9073
1644
4905
3096
1175
3940
3167
2258
9731
9281
5728
886
616
5890
3585
974
7378
6255
9497
429
5824
59
288
896
709
4563
1357
4904
2804
4288
3874
9820
8412
2103
9448
8289
2242
2020
9847
8225
2069
763
4969
3218
7713
1733
7154
2717
9228
4376
3554
669
2993
5101
7977
5484
7334
7402
9555
5778
8785
1158
2602
9694
3218
7942
8207
4577
4070
3221
8861
8879
9043
6978
5653
4299
6582
1029
4407
190
8025
9384
2053
3603
9900
1042
4007
6184
547
9560
9990
7869
9069
7592
2816
5460
6046
3657
6240
5524
3220
9344
9307
2581
6194
7694
5878
8036
1303
5960
197
2489
9242
4972
7467
9672
5186
2189
8288
833
4653
9821
7786
8299
1803
1441
9031
9510
6218
632
5483
4829
2684
7379
1135
2409
806
3774
8876
7237
9995
7794
6907
559
7822
6401
4222
2937
6033
2265
6827
643
8592
9059
3355
5223
8131
717
602
7724
924
6964
8474
8691
1163
2383
771
2206
8724
6164
5762
3435
6390
2897
7011
1214
5678
405
2821
4176
480
10
7305
3044
8537
7527
941
9490
8156
7662
296
1277
7827
8649
6183
2769
6701
4693
3064
7477
209
7561
3847
3861
6981
578
1197
4264
2752
1868
9531
804
5691
8955
6763
630
8858
5509
8948
5513
8456
6020
619
8201
6657
9198
9806
3190
894
7653
150
2372
8678
17
8413
5797
5226
7866
7626
2760
8565
6782
9678
1780
1046
398
4407
8987
4859
7071
9788
1687
7946
7401
2504
5007
7555
3558
7319
8662
2247
1024
4162
3192
5260
9842
5630
9886
8212
5597
1542
8795
3895
170
2143
8305
8427
6893
9494
9672
4574
8735
4873
378
1463
5300
7066
8431
6574
6634
85
3453
5872
8955
7896
5822
9954
7003
3515
989
8265
9459
1206
9709
1379
2239
2844
7899
3908
530
4775
357
5088
1558
2801
4829
7246
105
5721
3403
2495
9645
6674
4139
1789
5575
4246
1082
3425
6947
7042
9893
3435
399
6729
7613
6952
5990
5131
7364
2440
8272
5213
6661
3675
5730
4447
584
2819
3546
442
4776
3624
8261
9460
4536
5415
1733
7972
8219
6407
1127
6272
1085
9615
1137
2226
8277
2498
7849
5267
9104
4662
5548
7102
8042
629
9216
8011
6130
6423
2892
5005
7138
6105
8728
9010
2485
8080
228
8452
1534
4519
8163
800
6554
1592
758
2045
2033
2698
4670
8868
4866
585
1144
8133
9502
9187
8147
4828
8447
8354
5189
5493
3440
7705
5483
3790
2659
2371
7112
8928
9336
9761
9181
1455
719
9559
2908
6315
3432
751
8999
8867
6110
4259
4311
5101
207
3039
6315
5573
2621
4720
2110
5793
3391
2367
9542
265
7339
6601
5256
4507
361
6689
3419
7920
4443
9349
2131
7731
6151
8070
6316
622
1010
8731
7042
7295
3275
7364
1413
7150
9862
5098
8434
3628
7500
8237
614
7230
185
7409
4924
2906
225
7559
3660
6233
9358
6096
5011
7117
3593
8837
9104
857
1948
5613
2157
1693
4084
7499
5252
3187
4844
2711
8731
9045
5424
2911
2305
3575
4045
418
971
393
6030
7785
143
4155
3881
6034
5360
8704
9210
7720
1807
6576
9597
1686
892
2113
5898
9967
5617
7862
8027
5945
804
3598
552
7901
5443
7821
5707
2016
6753
8619
6675
7852
8873
6433
9717
1784
6792
217
3620
2082
3707
4236
4346
3460
2537
8342
5500
3818
5931
3656
2407
2581
9356
9827
2786
2669
496
8528
5971
6977
9513
2115
9145
9446
5634
8786
5722
3177
2105
6930
3244
6588
6141
8371
4098
9766
5853
4208
3276
8618
4301
8336
6393
7311
2099
719
6694
1312
395
2593
5930
7167
5383
6952
2232
7066
4194
4357
8482
7480
8203
2487
2242
2962
9992
8450
8338
9239
8580
8508
8779
9587
3466
1955
7014
7030
7348
5809
3124
4876
5787
2577
5309
3269
4701
8102
8992
7271
7664
9063
7231
1375
3748
720
4538
1769
9943
2340
9208
2749
6610
1974
1641
7169
5659
1823
1696
2721
5463
7615
4442
7880
7531
3082
798
4561
764
3361
7462
3258
359
304
8163
547
5235
6463
3615
2038
8221
9737
5620
8533
3549
4092
153
7299
7453
1794
9893
9988
6304
4206
9200
9909
1541
7104
3425
5520
1539
1381
1389
6722
796
4559
9559
9094
7389
7304
8543
7327
7844
1708
9250
4308
5577
2089
9297
8438
3966
6118
1790
3489
1898
9085
527
4244
3618
2311
9572
316
3865
7829
9723
7980
459
3443
3715
205
3087
9663
2853
7260
8261
4976
7549
5924
1038
9321
4635
8134
635
3471
1554
465
8312
6705
5811
4607
9328
3159
5148
4555
8800
129
5973
3779
9970
2653
3010
2514
3368
1721
8388
2936
6217
3520
6694
227
4451
6495
7539
7676
4422
4785
7037
8517
8105
1356
8701
3594
2971
1868
5453
6996
5143
4760
6262
4445
6044
7468
1433
9539
3903
6816
5922
477
8430
9484
5708
9629
6406
5092
6754
328
3336
4516
9719
8800
395
4535
9273
3265
7001
787
4720
7226
5043
505
5604
2985
3690
2150
8890
4353
6095
5858
5178
7459
5855
665
1457
6936
7698
2182
7061
2068
5557
6143
3982
442
9983
4089
5289
979
6873
6410
1430
4799
8892
2504
6029
3556
6876
9331
4767
1896
966
4242
7269
5574
2740
8705
4492
5375
7786
4353
7506
6839
917
5845
215
4373
8593
1804
3502
729
3204
9603
9431
6391
4551
2688
936
794
5074
4794
5826
2035
4643
5277
3663
4736
6092
6578
3582
334
6310
6899
5578
4354
8524
6237
190
3548
3297
9436
5471
6848
1289
320
7352
6121
1017
2615
1702
7215
5876
3777
8355
1479
4222
2841
8297
3027
9415
1620
7155
9995
7031
2617
7588
407
8284
1574
7352
2085
8103
8775
4371
5000
772
7624
2210
234
4742
7971
2705
7513
6285
543
2713
986
4738
5085
1312
2508
9861
2427
5966
1005
6875
4250
142
8857
1230
1642
8221
7265
7620
7757
4910
3471
7526
5679
1185
8092
1931
2896
285
3377
9070
355
1195
9103
2460
4898
6564
9244
1696
21
1378
2230
5690
5046
4905
8294
9480
9696
6527
7367
7792
1168
1780
1851
701
7924
5461
3816
5962
2499
5262
1360
9049
9091
4069
7938
724
4253
5041
9046
6875
4898
3352
8284
7293
1100
810
3513
8730
6866
936
4190
2926
4916
9657
4640
9852
5889
3789
6848
9193
9131
6777
4345
6932
7174
3527
6125
3379
2912
1528
4777
7047
1364
619
4553
7454
8447
4167
690
5092
5880
8307
665
3038
6818
3978
5320
9446
874
228
9498
4162
8236
8146
4826
7871
9824
4328
601
9939
3826
6472
2926
140
519
2911
769
7813
8699
240
8994
5600
2004
3702
3023
5456
1017
8974
324
7119
2278
608
2056
3448
5776
756
9226
8599
917
4167
360
2894
6183
8259
6339
6254
2964
2571
2582
8377
7536
6630
4911
592
7103
4647
8000
5720
6268
8663
2777
8897
6935
2691
9851
6463
9437
3272
222
5465
7486
6076
1021
8134
169
2152
934
6555
5026
6533
8715
8117
5512
405
6910
7940
8220
1424
5399
7398
2259
4014
923
3039
1512
9643
2848
8114
9650
1511
8835
8924
9296
3792
1389
538
6936
5768
9727
6019
513
8436
660
1793
9761
7996
826
8851
6909
8041
8152
9641
4889
6534
2350
4937
4727
3054
5171
9397
7095
3163
9551
916
2243
4557
1719
6643
4346
3091
6698
7467
2342
858
7440
9631
675
5370
574
2899
826
8349
5097
4651
6013
6609
1815
5876
2792
2649
2215
1109
9638
893
4694
970
1084
951
2529
460
9111
8102
7398
5845
5759
7941
8884
9600
368
8115
5008
7536
1924
4153
4573
7834
2192
1809
6778
563
7057
3728
3612
6059
6570
3524
5669
5176
6330
7168
7320
6061
7480
5820
1795
4278
1022
8833
8725
2430
5870
370
1258
9662
2117
8159
5173
130
4038
2454
6933
7740
2013
2339
509
2437
4130
1206
3454
923
5579
5786
6898
7762
6370
4626
3580
9828
7530
1438
403
9202
7815
3842
7042
3392
7226
6190
5276
7286
8228
8249
8909
6400
3936
8351
1889
8469
4052
7212
4781
5435
3615
9325
374
8419
5279
6274
9819
4314
4909
7458
7
9573
8842
3037
1952
2783
4275
5765
834
8075
383
4308
9154
2248
248
7154
9126
2888
8244
4061
375
8971
5594
7889
564
3765
3888
30
4505
8504
2764
6766
815
6444
586
3528
913
7676
1598
2972
3141
5282
4546
1265
1962
8094
5292
9850
3104
3529
7026
9481
8051
3495
4741
8691
4937
5555
4892
1250
7235
4094
221
5130
7339
150
5458
1299
9703
4708
5875
406
3285
2581
9061
4867
6095
680
7789
4176
2034
4292
3172
9449
8653
8013
4391
665
8139
607
381
5467
6704
3425
4222
513
4178
7249
8402
9866
3753
9422
1710
7193
1815
1237
2547
454
24
360
4279
2880
5067
3007
4280
3629
7627
3066
8820
2403
158
4051
3590
466
8089
522
426
5026
4308
8801
1703
9837
6642
6132
7446
2304
481
7450
713
2029
5893
1017
9069
476
8333
4051
2376
7927
5590
5678
5373
4175
6288
2158
9039
2363
2932
9434
5408
7033
6136
7677
7262
9407
4290
8407
1193
3067
894
1955
413
2745
1907
6474
4294
1115
2118
8561
5709
7136
8448
7527
4944
6820
418
2652
5464
8440
2821
5511
712
41
5759
6997
9098
8851
7486
8067
6671
2612
1141
4089
1010
1651
874
4171
4236
5381
484
5009
3794
2617
6341
1652
8296
2566
1262
2311
6876
8314
2590
282
5559
2205
8788
2837
1567
1541
6426
8997
8728
9510
7391
346
6185
5186
3827
9117
5419
9646
2179
4465
42
7715
1248
8953
1031
6528
9904
3416
3856
6046
4818
9315
9119
4094
7301
2496
6702
3391
9947
4144
1604
3321
5783
8562
2550
6633
4988
2605
8491
9343
6069
7932
89
3273
2345
4498
9404
1964
6570
6698
8920
1372
2796
6491
4857
454
3818
4253
666
3842
3152
7948
9081
9145
6000
9773
1286
1233
5096
2700
1332
204
7677
8216
6414
414
3513
2093
6689
5138
8433
7768
5326
1865
6696
5040
4338
2469
4668
7678
3528
5257
4613
9734
4576
9293
2320
6061
843
2837
2186
2693
7835
8966
5858
6575
8700
3867
7573
4090
7474
4655
4847
7001
6762
1830
8846
8441
4021
5237
426
980
5405
2103
8505
6808
8725
9796
4134
9996
1951
6782
7016
1002
9043
376
8270
6826
4587
4218
1262
428
6958
6371
9732
3583
7659
3189
1744
280
5560
5264
4230
5965
5904
6993
7464
4785
1369
5467
8339
9001
3412
6805
157
5579
8619
1956
5761
5681
8347
5140
439
4820
8133
5795
5954
9294
6519
8484
9497
17
2360
8982
6967
8809
376
4088
177
7756
8619
9119
5413
1739
1278
8176
9432
7352
8254
2901
9819
7347
153
762
1025
9635
3089
8590
2930
1190
7414
1362
6721
8173
7607
7365
6609
9558
4093
6705
5576
9029
7905
2491
1650
2231
8619
4265
4273
3698
9565
8127
6078
4944
8585
8411
7102
6785
6059
8533
3561
7399
3479
2411
1713
1731
528
676
7009
1688
3536
7019
3788
3572
660
6052
777
2750
7567
2807
711
9022
7687
1652
5898
3806
4636
1521
7577
1896
3898
5436
475
6709
8550
3225
1384
8835
6502
7970
1153
2709
1018
5533
8888
6294
8708
8871
4089
2587
1179
3361
3507
9864
7242
8983
3513
2537
8372
9012
5919
3319
8565
9834
2812
5225
1992
691
6715
1189
1790
2230
8114
6850
1830
511
5025
1522
758
222
7889
4827
5796
405
7292
4321
5139
2052
2934
9231
3209
5485
3329
2875
6173
4748
1245
4929
4993
6239
3485
3828
4119
6783
9929
506
8910
1291
3013
6366
8885
699
7148
5833
3230
960
9824
8967
9183
2136
464
4747
5897
664
3726
8463
2067
1095
1459
8706
5576
1264
4673
8361
3574
6113
8561
5641
1836
8970
7914
1869
6600
2688
8772
5318
9243
3091
2555
4727
4264
1395
6436
7792
6542
9680
5967
8793
5267
2354
7407
9048
4107
1723
435
2712
916
2552
2836
1135
3510
132
5036
1044
7242
8203
1415
5703
6586
8733
4643
1524
1517
2948
5049
4309
9996
6434
6611
8135
3892
2883
5330
3842
9935
2746
2484
3002
4779
6597
6709
4452
1548
30
5360
6338
4310
8005
2932
4988
8266
1965
3775
2323
1027
7806
8176
9938
6972
469
3531
632
5533
631
2860
1293
4069
4703
1272
4950
1969
9886
2401
6329
6513
3849
751
9825
479
7775
4128
2911
3395
5378
5440
8151
4543
5146
7036
5774
6171
9579
1464
1266
1736
6746
331
2502
2626
7058
5060
4291
1793
2088
1197
9229
182
3235
6930
6967
2808
5670
7317
4204
2494
4755
3847
589
4604
1518
3018
9588
2082
3668
1426
1378
3339
6586
9215
2614
7907
6762
7223
7419
1899
6122
6822
5323
8184
5992
366
3242
5840
5919
857
3009
2038
3755
3729
7830
1754
3661
6263
7697
9579
6994
9846
9827
3628
2509
8783
6910
3092
3931
525
9980
3538
26
9953
9256
2349
3823
5024
2410
9494
5382
5024
8897
139
4271
8635
9704
1036
3996
7553
8088
7776
5420
2342
1657
7540
123
3058
8028
662
767
3552
1407
2915
8337
8510
1647
3773
1362
960
5386
8139
7076
9435
1313
1193
8236
7457
2589
1046
1013
2325
4539
7251
4475
5463
2789
6018
7834
6078
1243
286
7101
8953
6480
1416
2186
2934
7306
6058
489
2301
937
7360
5259
1767
7179
7338
6899
869
9703
5043
9564
8177
9144
8499
9634
8826
3950
9969
1312
9527
4914
3890
8550
3457
6423
6326
1616
4771
5167
312
6911
2454
1122
5524
6854
8470
3070
7825
5836
9124
7669
3260
1865
4712
384
4971
2311
8602
6686
3064
9305
1753
7648
4493
4730
383
7084
809
2377
4456
7006
1221
7549
235
1326
7315
1591
7280
2901
8361
195
2976
2972
2713
7853
5450
3979
4420
5094
5288
843
5253
6273
287
2878
2449
4926
6730
9516
2425
4786
5112
6204
3579
3867
5561
6608
6172
4426
5896
8328
3458
3724
6333
5085
2135
4922
2681
3277
9208
7304
6923
1681
1015
4638
5384
9523
1912
9853
5825
8670
7876
5660
1012
3177
8502
2202
3618
4185
4596
3166
1517
9303
9182
8701
8457
2914
6386
9847
3836
208
7614
7052
2808
2114
7445
7865
5907
3927
8975
9004
3286
7249
1972
2099
7585
3093
1022
9986
1277
3428
7952
4488
729
6641
3113
7798
3246
5547
5237
6474
2249
2564
3210
311
3284
9566
6334
6033
6912
2402
2264
4809
7708
6168
7306
8041
5577
8074
5189
4362
9563
5160
8031
2595
2822
8202
3509
9125
9630
1315
4332
4083
156
9120
8734
1216
3889
5047
8141
1075
4238
7356
2810
7439
2124
5676
482
4847
7325
2973
8472
8925
5082
2069
9810
4157
9899
879
6571
1680
2693
7447
5865
982
6998
350
3983
3576
6359
5327
7731
6487
6631
9433
8160
2433
970
5145
9555
7760
4556
8459
8025
6812
3568
5698
7012
6255
3995
9857
6474
8010
65
9015
1380
6084
4149
8478
8629
5673
1277
1286
1561
8198
7399
7639
1232
9006
7403
4612
486
1630
5192
6135
2989
2849
2532
8446
2777
3274
2253
4403
4906
3063
6115
6727
1882
9901
3387
1141
4094
5745
5167
2742
8917
1668
2257
5033
2826
6998
624
794
480
3795
8722
9472
2264
7298
3928
3919
8311
7957
3021
8111
9282
9286
7878
3178
4266
5973
462
9910
5684
7901
7029
6689
6830
5716
87
5000
394
4304
2931
2078
2258
3415
9672
9114
439
2587
8517
3508
3048
6589
7429
1306
796
957
6611
7766
9126
3254
9475
9575
1735
6649
1631
9358
1666
3351
2526
2868
6958
6070
2045
1293
5244
2505
1311
6966
8901
1507
4454
2560
6191
6293
9433
202
6078
4400
1889
9792
9767
9142
7484
3504
6851
7715
1205
7862
1203
6561
8101
8020
5191
2654
9551
4736
5786
5514
3921
5127
7422
6778
4266
1607
8014
1513
3715
1915
6756
6532
1973
5837
9330
5409
3541
2814
1850
2420
5464
9414
5025
3472
8327
5448
6436
7928
9345
1849
3264
2368
172
9580
3244
9282
3360
2008
7865
624
5341
6589
8614
6326
3741
1674
520
2372
4641
7105
1376
131
7529
1561
4244
8484
8639
8661
2123
2142
6726
5511
2272
8468
9690
4614
5979
9820
9442
1107
8120
4855
8227
7948
831
4664
6799
7996
870
3601
1463
9104
2567
4081
2220
6103
5652
3623
8831
7553
5218
6727
8943
9271
4359
1127
5092
4759
9791
6427
6620
5081
7775
4946
5589
3372
2535
3435
4972
8746
775
650
4523
4119
5252
6028
8974
1952
2878
2006
3182
5322
4364
1847
636
1784
7753
851
7457
3193
9836
9506
1264
7007
4010
9162
4555
677
9189
7123
7200
5971
5484
293
5216
5280
4810
3386
8524
8391
8330
2093
367
6184
2989
8168
4504
3415
7779
4270
493
9895
4446
6434
5836
934
4911
6054
544
8557
6954
175
8676
9933
2031
6586
9801
7313
3290
7301
4945
7198
2600
4284
7237
9
9872
8978
6497
3453
7546
1698
4517
2590
237
2046
354
2262
9423
8048
6314
8006
7590
9810
3645
236
9420
5582
2502
732
1764
4953
3100
1997
3665
2141
4731
1621
4895
2555
986
5652
7541
2282
5086
6671
129
3080
3728
8961
3612
6988
1315
5490
8652
5027
4949
4032
6600
4477
5015
6701
9806
7304
4946
9686
6087
1398
7640
7178
8924
420
3649
3632
2973
107
6402
8270
2744
3894
3007
9563
9667
1584
3305
1142
5841
4678
4400
9383
7784
6416
5028
6144
30
12
4962
9580
3683
3663
6432
1193
7558
1908
2594
7473
6760
8112
952
5860
524
6028
7337
6413
8801
5372
1924
9252
2506
5614
1532
8449
3032
678
6903
2787
9839
6711
7997
4692
9852
8803
1622
7309
2275
2442
2524
6256
2678
8042
9865
7180
8108
804
311
7185
4345
6106
8024
9260
9288
9160
5274
5361
9608
4119
8365
1554
9342
2353
1070
5484
505
2143
5878
1929
8439
1447
3253
3712
3248
7993
2437
8438
3494
2487
7609
3556
1271
1178
6469
305
7727
2464
6236
4940
7563
2975
7449
5560
2385
852
8223
5540
5354
2670
6448
9113
7080
2255
4909
9087
7145
9282
5042
6478
4875
2431
6145
5647
2355
2155
5784
7429
891
8760
4297
377
9137
6174
7061
8827
1901
652
6923
2288
7392
7251
3947
4601
2513
2000
6080
2942
7299
8587
7915
2469
6069
4272
5700
6080
8748
907
3486
703
1272
2974
2552
5378
2759
3045
4752
3941
8264
1960
6148
2454
9521
6147
7137
4649
6868
5264
1838
5793
2262
1190
2517
4661
1859
9246
1187
3385
6001
7984
7255
6020
5053
1477
4557
4673
1942
3604
1013
9447
6713
5987
6472
7841
9488
4380
9451
9221
4913
7276
8418
3728
1731
6161
3862
5430
8482
3595
6530
4474
2069
1340
5467
9746
3514
4149
467
3631
5998
8622
1172
5550
5774
5804
1294
8190
7305
9672
9184
7180
7261
6751
6939
7375
1763
4202
9513
7874
3532
9202
9566
3008
3080
2859
3105
6135
2299
8124
4931
2760
7933
323
6571
5782
1482
6214
9686
6622
6025
9655
8940
1850
7996
2462
5803
7405
6122
6272
27
9821
9126
590
1472
5040
4301
9288
5901
893
3484
8823
2862
7004
4725
67
3625
2224
941
3152
6872
7802
1343
5941
3834
6678
4355
1478
2696
6914
8623
9517
5854
7811
672
8847
1404
9490
936
2293
8071
1117
259
3223
1271
8319
7359
6422
1103
3099
3037
1671
8471
1104
8837
9007
181
2298
3030
9565
6606
665
9322
7926
9184
7809
1476
8819
8801
3321
1961
325
4184
2810
8040
9948
8616
7814
6748
1958
8123
7398
2405
9184
7577
2136
7705
672
455
4399
3256
2326
18
3718
2597
3253
6222
9366
5450
2981
749
6928
7547
2136
2802
1987
662
3908
154
4197
1253
6610
1140
1230
4782
3520
6511
558
7586
8158
3814
322
56
48
4576
8369
6842
4610
2849
3410
8061
7951
8014
8867
8761
3934
6856
9016
8987
3461
8428
24
2144
122
1646
3851
7116
9733
6041
2682
6287
2663
7346
5691
2121
4040
8610
7163
8859
368
4634
1639
6358
1074
4890
1351
11
9939
3197
735
6505
1844
4490
5163
5172
8616
3125
8115
2159
323
2706
9973
934
318
5560
1305
4537
2710
7712
9941
1195
2748
5104
4013
9626
7881
3265
2766
8168
8659
5982
26
6187
8656
4588
286
3644
4223
8103
6795
1679
5403
5622
5163
2637
2168
6734
680
7103
5719
2586
3118
3704
5893
5226
177
7087
9509
6390
4726
8631
4851
727
8458
8340
4865
5595
5512
6898
6957
5495
8206
5458
3064
9550
1347
5023
38
3135
8565
4838
182
5063
1004
9788
9731
2865
2639
5525
9205
5629
3788
160
1021
1770
956
2562
3888
3197
8553
9645
6382
1194
4930
4574
3719
6479
915
6901
7604
2380
9239
7214
2299
8665
842
9039
3185
6100
609
3627
6376
9555
289
2448
8044
215
3309
5221
4204
7201
2054
9844
7813
5551
2889
5690
3458
3298
1806
6178
8889
8287
7352
9009
3192
1664
2485
9380
5168
5541
7987
7555
5364
2265
9026
4612
7526
8451
346
3605
4465
769
9600
9136
3600
6219
1093
2411
6603
6532
3675
5246
5441
565
3009
3507
5562
4919
1733
6420
2285
7651
4025
5885
5769
9699
3077
2164
9577
1322
83
5404
9209
3329
6215
394
1912
2130
2316
5377
9286
1896
1951
796
9210
8633
8404
1262
5227
4167
4147
131
6257
4620
2305
3479
5052
2166
2396
4369
6067
1835
6665
5051
2613
1855
2839
562
2276
5406
4527
2213
8793
6402
2615
3485
5036
4500
4979
4026
153
6451
4459
4180
2490
2628
1825
4901
2595
6565
1746
9629
2514
7400
843
8090
5354
3487
6114
1984
277
3311
7591
3059
5848
9698
1284
3480
9501
7015
1413
8682
5076
1767
6272
8589
1786
8963
1742
1844
635
9271
3457
7659
6130
6646
3209
3179
1641
9538
6641
8973
7150
8729
5267
4069
2456
4982
5040
5642
3088
610
8471
7582
2255
5386
9399
8127
4443
4971
7993
2519
9741
9688
2383
6662
8601
4564
8442
4373
5780
4604
8956
6477
2600
48
1963
4483
5755
5046
5846
8661
8142
9907
3547
1730
3334
6486
1717
1572
7853
3121
639
7986
5319
3675
6539
1878
2989
1257
5054
591
9047
4551
6198
427
642
5778
6614
4299
4187
5085
8092
6016
3597
6468
3563
381
2562
2970
161
4536
2608
4093
4192
8604
8343
1588
4025
88
9405
3234
8378
4346
2206
9343
2008
6212
8051
2309
2069
6947
6009
8479
8366
2275
2650
3135
219
7609
3685
6292
9470
7638
5415
7547
185
3068
6906
8470
9021
1248
8602
6360
3019
3099
8788
7227
6571
8321
7215
2432
6464
6637
1642
1768
7660
1875
9671
8048
1441
8317
3117
1093
6899
4061
7011
9904
1906
2141
4943
9845
9677
2282
8777
6351
2321
2968
4682
4620
9073
7685
3632
9600
6849
2333
8032
9772
3016
7670
692
8945
3560
7080
9539
760
5022
2928
7389
1637
1216
9067
589
7451
4054
6017
9408
1992
6764
3542
8014
9278
6906
5341
4551
4587
8710
1485
6192
1895
564
1412
1138
2015
7897
5358
5731
5294
7107
2058
5786
5104
5225
7188
9630
4143
8514
4081
8398
2681
4208
5957
686
2494
2290
6
2403
661
1792
1311
7438
558
3923
1555
2078
1521
2841
5810
873
9317
1888
4719
4975
4267
9933
1638
4544
4485
3857
7168
6204
8123
4810
5263
3460
1582
6226
1463
9351
2541
45
998
9897
3432
3030
2328
4596
8768
1586
8046
5082
3198
8839
892
2042
6078
2688
1990
1083
4225
9629
2449
2050
7845
1672
9711
1750
2790
3548
5656
4287
9618
4357
3227
4499
7843
7744
4219
6382
3480
5242
7689
7594
9868
8996
7387
2838
2442
7977
3380
3717
3852
6749
9024
2998
1031
8181
2240
3571
3390
1894
8736
1011
3651
4620
9810
1368
7718
5293
140
837
1580
1922
4252
1051
3406
6558
8066
8698
5523
1469
6911
5929
3981
2714
6025
2718
9368
9612
2150
2989
1619
5332
7219
9466
1993
1032
7132
2338
8346
2873
5099
2049
9106
7396
7778
9638
2540
3594
2983
5802
4692
9963
2295
6723
252
1943
5928
7701
4185
2979
4961
4258
1715
4016
197
9698
3443
2015
5344
165
5334
6980
1749
8848
3739
9692
3858
2904
7404
4042
147
7109
7160
4418
9693
4668
1564
9577
8085
9842
9884
5473
8240
8015
3761
832
5166
2019
4159
3531
6685
217
289
1036
6937
4279
2716
6613
5034
6882
2784
8929
2460
6129
31
4674
6075
5425
1024
5697
6357
4056
1065
2459
6852
2185
8689
965
2158
6042
624
9188
8258
596
1296
8459
5664
8598
1214
4791
3197
7739
9366
9577
6709
7876
1694
3511
8174
8987
2899
6255
2653
351
4437
5234
8311
6032
3049
3958
6999
6945
2286
9388
4742
5248
8935
4295
465
5941
8235
618
4996
5829
881
8423
4978
9551
8106
9383
673
2248
102
6314
3166
1128
8445
7786
7800
1410
5337
6439
8801
5591
4596
4506
5717
7139
7059
7453
2266
6362
1301
9252
7283
9496
1597
5194
5299
866
7531
1899
3227
7403
2552
8821
5440
7265
2652
9219
1594
9705
4251
549
9427
5808
5126
566
1246
9208
6873
561
4380
3293
2298
7929
2944
734
369
2103
4468
93
1954
7117
5009
5690
273
6116
738
6978
2305
5231
7949
5280
6866
6446
2273
4127
4545
1658
4812
9266
8073
4943
2849
7196
4170
3319
8735
3559
1045
253
5530
787
1189
2397
6502
7092
9066
238
2279
8491
7318
3255
9365
7647
1534
987
2946
3078
7626
6810
8541
2378
9961
1046
4177
8037
2883
2325
8439
8307
5855
3174
6313
5835
8359
506
4396
6131
8688
3321
908
3710
2757
8424
783
7626
9654
2266
9132
9164
2855
3669
9419
4506
524
5802
3371
2776
4276
5049
4640
2257
9923
2051
9535
8557
9257
4240
9494
7881
7807
1177
7160
8515
2000
3222
5124
7698
7241
1725
7931
3656
1318
9800
6921
6286
554
9093
3035
7695
161
3426
8383
1682
5336
6167
3285
5210
3597
6832
3977
7327
7377
10000
1092
7716
145
228
172
1035
2987
9432
5468
8954
7722
7139
7874
7798
3244
3641
2413
6771
6262
5603
1281
18
2598
1096
8775
9948
1859
5090
5332
4217
6629
4701
5621
6753
2473
3903
1731
8866
7177
692
3787
9014
1819
2160
3691
5330
556
1062
792
6264
9198
7081
6468
976
821
5920
3386
2674
8935
7697
8014
2547
704
2769
5509
6466
8456
7668
5108
3077
2869
4315
4959
8682
2275
9814
9399
2453
5696
8298
4363
4294
9835
8610
4242
3721
6468
4346
3131
9473
4146
9819
5334
3339
920
6300
8430
4307
5923
2763
170
7240
4587
7970
2098
2601
2325
4738
8879
9940
6841
3208
3300
8271
7730
8284
3279
4409
424
8012
9710
5785
3959
686
6051
6833
7691
9600
1872
2317
797
455
1483
6341
3243
8908
2156
8731
7110
36
937
6088
5425
9431
5035
8365
8068
1651
7613
3711
2570
5328
4925
7228
7386
8397
7816
2434
4228
9062
9397
8897
8445
9587
4921
6169
8290
3471
7280
2334
2711
8942
3591
8783
6122
4526
7961
3100
6846
3587
9216
6974
509
1185
7033
4705
5976
4520
2341
3894
2965
5967
719
1813
6060
8365
8747
2260
5559
482
803
5862
4108
5248
4880
5869
5820
3362
7741
6312
90
5368
9305
3655
6535
4754
2846
8921
8614
7478
3365
570
2293
8995
9127
2326
2562
8808
758
5819
3106
4159
8333
4601
2804
7358
8104
1397
7155
9590
4471
8173
1970
6104
9666
9035
6125
3877
2827
6426
4182
3826
2834
4661
7905
7712
5880
7628
8313
7965
7642
4689
4289
1873
884
7006
7218
8945
2620
518
1137
2809
3081
6833
302
4382
6954
7144
5611
6255
2578
2751
5429
2645
98
6275
7957
2515
8454
4112
115
5344
8652
6743
6402
1920
268
6503
9314
161
322
2003
3319
5133
4156
1494
5398
1037
8863
9903
4437
9669
4600
3686
966
5188
3477
638
945
5340
2511
4660
4622
7316
2828
9913
3664
1081
3773
3281
3596
710
6549
8254
479
6070
8556
1312
6451
3870
5493
6016
1408
6372
403
1796
1946
2612
7006
5227
3574
5904
2571
1709
4959
5659
2244
975
9817
6647
2969
8722
5123
4407
3892
1451
5454
2020
50
3297
2271
3476
1098
9517
3016
2856
6314
3994
3852
4959
1821
6237
4721
7620
9745
7402
2585
5827
4725
9501
1355
4658
9048
5581
4307
5078
9572
8096
3005
3582
904
4955
7269
7920
794
3359
1455
1592
6493
9273
5484
3922
9195
7041
8275
6143
9012
1426
9691
1913
9283
6875
7510
542
3025
2225
1169
673
8500
5996
8668
2086
1714
9464
1494
37
3007
1719
6985
3789
7994
39
3045
2255
6521
5065
8577
4584
2414
6040
5260
9150
5513
2740
304
8088
2457
500
6089
8334
9999
4764
5568
9012
5895
5518
1847
7459
9837
8004
5061
8282
7350
7629
8729
4809
989
7876
633
5862
820
7563
181
5975
5744
8455
8831
3661
4951
7380
3701
8916
7225
5902
134
3320
4356
5249
8845
4272
6331
4280
3461
3435
8620
4429
1852
9687
8378
2211
449
5888
6655
1479
841
9665
709
9236
4043
7386
190
6923
8397
9222
2128
2874
6985
8250
3292
1404
5209
4603
2813
4364
5997
3566
766
5880
2534
7329
9912
2497
8641
6262
1299
2325
3916
4032
3064
5334
8712
5251
8672
6608
1924
7552
9122
2349
5626
46
4205
1221
4512
2898
8876
1055
9808
1779
8546
6894
4800
1285
3542
5351
1280
2583
976
7273
6190
214
9899
3861
5331
6294
4340
3057
2124
3607
9575
4849
8351
83
8534
4986
9393
4887
7562
3152
1705
7231
2007
152
2462
3128
7219
7561
9930
7016
6740
969
7255
3605
5988
4458
2388
7757
9128
527
1729
9631
8781
5059
2176
3732
7392
3939
2199
8384
5345
8910
6403
3112
2960
6099
2551
2527
7965
5567
2719
6340
2401
279
7182
1776
5751
4019
7983
8683
1947
5116
720
8030
7367
16
5017
8081
9181
3100
3931
1263
6991
4441
1798
5893
5538
9526
8826
8467
805
5764
6475
2561
2663
7777
7189
8129
3747
6359
9476
9241
9500
4153
2306
3388
1161
2739
2492
8257
6715
923
4515
7303
8534
9393
1013
4210
8274
5269
1670
9930
3877
3038
6633
3949
9800
3898
1630
1997
9405
4154
1849
5159
3075
4635
9583
9386
2757
7630
723
5285
4124
9108
7700
8175
9730
7864
5455
9891
8790
2270
2501
9838
730
4996
5475
7427
8848
5771
9867
727
3635
3144
7353
170
5892
622
2991
5751
6368
6444
4553
2863
5559
717
8156
4163
8491
7033
9991
3459
1936
275
9979
7596
7304
2161
3425
5238
4598
3416
3672
6097
7596
2297
5108
2705
5113
543
3890
7801
8473
662
4352
5918
646
1805
2141
3863
8376
9639
2492
1371
1809
7552
1363
5192
8853
4208
4314
8334
227
1632
4273
7105
227
5377
6796
5350
5907
3636
2830
8470
10000
6063
6651
7500
33
1563
6692
8530
9284
4568
6315
3303
7973
7395
9714
1615
8122
8478
8385
5472
6251
6936
809
8733
1196
2898
3133
2632
1916
6842
9604
4412
4702
9881
7655
2650
1753
6630
9823
5810
7546
3126
6373
5442
9845
1718
1363
5017
8637
3735
9981
744
7372
7519
7151
2622
8718
7345
3634
2449
4542
6046
5783
9282
6580
2347
5853
9247
8267
825
5837
6112
8654
7743
6508
5521
6331
7678
8391
486
3182
1715
7180
4405
1931
8821
3815
6185
2522
1301
5959
1521
4695
6904
4726
7317
7785
2600
3259
3668
5034
9776
4170
3219
1369
2269
1595
5646
6985
2499
7024
5804
5020
121
910
7735
6933
1456
9124
3837
3244
6080
902
7196
5392
5574
8
7728
3881
9581
7538
796
4879
2583
9754
6638
9956
798
4132
9537
7474
2931
4587
3861
7775
8695
7896
2492
8816
3033
8211
4849
4654
3863
3164
1920
6745
7337
6602
7963
6686
1046
959
9308
4051
568
8443
3298
8259
7806
4761
4299
3912
5173
7032
458
1231
9361
3719
1805
1132
875
231
9778
4637
6075
4360
6662
9257
7745
649
2728
1243
8823
9863
6279
4333
2419
3859
6122
3845
6506
5763
9677
5698
2948
3150
2931
784
2792
7475
4621
1302
8523
6395
7285
9679
7191
9324
8653
1299
4623
5333
5093
6853
7005
9586
1644
9402
4009
6338
4546
6927
1693
3541
7886
4696
117
2361
4204
7239
919
4241
9749
7204
5754
7799
1284
1543
1478
292
4540
4683
3960
8339
5885
1657
5389
4416
6651
280
4167
6434
6346
4083
28
2914
1315
8461
629
2026
302
6757
9266
2630
4632
2417
2032
6505
6301
8498
2769
5702
8376
6982
1252
2734
7033
9573
111
4603
6424
7683
6265
1031
4527
980
378
1212
4060
5626
1713
9984
13
7608
3079
1022
1449
7907
6950
8771
524
20
8652
587
1698
140
4345
5001
7387
921
4070
7320
112
2016
9324
6122
1483
3567
5015
8805
438
4903
8922
3287
64
6471
6619
6078
8710
52
8036
9019
4104
6158
6238
5212
2213
3064
7404
1795
1268
3794
1390
6914
9002
9703
2937
3735
4808
6773
1904
8195
5318
3414
5499
3463
4807
6752
773
7335
1629
6168
8188
2658
3612
7665
5047
2165
4924
9743
7774
2149
8868
8746
9777
3639
6151
4231
2975
9140
1666
4344
3331
756
7135
4902
4485
955
6793
900
9234
3586
8480
8127
8517
1443
2751
8690
5023
8560
9711
1114
5766
3835
7247
8739
7737
8196
7460
7394
2160
7220
5034
8195
9001
5710
8737
4266
8922
26
4593
4421
5083
5393
9794
5809
3634
1224
1680
3746
6035
6639
4797
5552
6983
237
5101
7048
7207
7831
7962
4645
4472
8392
6880
9573
9852
5603
8568
6883
7656
4071
2376
9852
3237
4088
1397
5644
4482
5139
4119
5692
3849
8327
8468
6396
944
910
7872
7329
1115
9092
4101
2054
7196
4076
1813
6247
5450
2879
4277
3842
8685
254
9045
2847
3740
6478
5227
4327
5894
4828
7935
4965
9339
2256
5730
1107
3342
6872
5865
3656
9318
7501
8986
3533
603
8848
7698
9798
26
4998
8425
1031
1139
3364
8476
6443
8641
2911
6246
913
6878
4990
9285
2470
4558
2380
7966
4615
2926
1511
6673
611
5328
1809
2473
6054
6688
2895
9291
7752
8657
3720
5324
887
7279
609
800
8207
3366
9905
753
8727
9549
3514
9487
5888
9459
3094
1929
7810
8843
392
764
5135
329
4650
9579
4036
5204
2577
8074
745
6152
5724
9329
1853
4265
4810
1929
1765
232
457
5157
5096
1015
1440
6921
8850
4451
2708
2630
4165
6588
1153
9782
2252
1125
5459
1832
7777
2509
1566
5592
8585
9663
6347
5076
1557
4087
7985
9065
5537
4491
2797
9995
3933
9765
7295
9644
8333
5189
3041
2760
165
9672
1814
1556
380
7728
7282
282
7886
9831
1115
9305
6294
3080
6706
8494
67
2822
324
2015
9444
5415
2678
7554
4617
3639
404
3065
7138
8222
4021
6447
4374
6171
66
9069
1510
5203
5803
2128
1723
7795
2432
7460
1938
7382
5938
7576
7584
539
790
7909
1546
3570
5927
8510
6452
3288
2376
9228
7952
9089
1509
8267
5413
8210
148
6079
4710
385
1594
8097
5899
5132
3594
8955
5345
9497
127
691
2344
9538
2741
9197
8174
1639
9221
1724
4416
4714
3379
1881
7761
351
1456
8181
7085
7277
4339
3538
1387
8202
7207
6148
2792
1446
1839
6027
7468
3301
8276
2116
6948
1140
8725
7527
4755
2418
7215
997
9730
8617
8598
5335
3087
8688
1633
9256
3034
5916
1449
2530
2110
4610
7422
2312
1896
9241
6677
6462
2351
1804
6829
6236
2687
6618
4818
8615
8432
2920
8401
458
3798
1117
8882
2689
1093
7532
4599
561
1166
6135
3777
9011
7947
3359
2432
2512
4189
4600
4803
1891
8985
3940
5818
179
776
3019
8252
6780
992
7453
4433
7098
4893
9911
9749
1763
1097
6830
6764
1062
2210
390
2191
9821
2950
4878
3274
2651
499
5956
7459
1908
1674
5511
9399
9044
916
2584
4154
4539
2012
3278
5148
8509
4864
1033
8149
5778
1825
3329
3466
1695
6869
1402
6429
440
292
3052
9032
7416
9935
1487
2103
893
1061
5694
8539
3047
724
4784
6491
2619
434
3284
1771
8870
297
3040
7294
496
7738
3800
762
8428
767
4126
6436
2786
5658
8401
6443
5928
3303
8761
5470
436
3000
2557
9972
6699
9998
1966
3761
9431
7896
3690
5881
6517
1120
7948
1243
3322
1676
6689
2474
9461
6881
4277
9190
6825
7697
9043
7937
2165
6868
5599
3948
445
1423
183
6113
3279
1314
6249
235
4767
1766
5787
6331
7869
9893
230
959
6435
8463
1821
5706
4085
8343
9486
5866
2011
5840
2488
4813
9043
6154
6754
426
6518
5914
6014
2954
3598
3528
3300
7097
1157
6691
1812
5235
9099
56
5831
6243
5233
1282
4180
4834
6295
6211
2766
3951
2091
9896
2530
8585
808
2896
3165
5000
2460
1242
9664
3884
1547
1299
419
2795
6778
8553
7050
8457
4160
8642
900
6934
2558
7077
8081
8651
8905
1275
5504
5193
3741
2200
9578
1861
737
3967
1474
4430
3576
3378
1139
2202
4650
2030
30
8392
8940
4138
2753
3202
48
8006
546
2930
4886
6384
9547
9207
6926
7189
4513
5836
6893
3227
7172
4888
8648
6734
219
3295
5478
119
650
4429
7357
9652
9551
8776
3128
9533
1644
6636
4356
9011
8903
6990
9436
7603
7036
1216
2433
8940
2239
8551
4311
8199
6177
3082
6942
9610
8903
6888
1450
669
9175
8162
8439
492
2505
3429
2917
2703
4785
9539
2569
8314
6483
7299
5657
79
5637
6328
3036
2077
7864
7772
707
1035
6113
2481
839
2540
530
9290
1557
7805
8694
6787
9792
6073
7796
8779
4203
1858
5067
268
8790
3951
7020
7789
2038
9027
7436
4727
7555
6240
8146
2877
70
6844
8219
9806
7070
3036
5089
9209
3539
7704
787
9861
6478
583
4721
2798
3347
6008
5896
6399
86
2082
8153
2081
8193
8913
9955
9311
9
1236
8800
9987
6623
7188
4607
6190
7996
996
4442
1412
7626
7772
590
2540
106
6883
8566
5038
9913
263
4611
6035
7787
5646
8021
3310
1717
1677
999
4018
2835
9915
8964
7602
2711
3624
8576
1264
1773
4936
7933
9283
1666
4069
4950
1889
7301
7165
4257
6757
5799
5463
8520
6406
3158
3251
3747
6614
6288
5957
5409
3676
7340
3966
5116
9855
1437
1056
5569
6147
7376
8214
5114
650
5320
4855
7085
7961
328
1179
7393
3985
4079
5842
9714
813
9194
2213
2175
9499
2733
888
5419
4330
9692
5230
3464
5909
8698
3877
5625
5310
9828
1274
1212
8899
2528
585
8387
158
1105
5491
9485
7883
9116
5465
4475
3146
1218
5210
1408
5865
5338
4464
6501
4055
8856
9229
8961
3514
8090
9973
5811
5013
646
157
9486
873
1732
8130
3681
8544
901
1749
2886
2431
1672
5216
2478
5821
3028
2621
2451
6140
1547
2291
2791
7341
4321
7762
1948
1811
6712
7658
8882
1483
2747
8641
1511
2652
5577
594
3583
1009
6816
5074
1908
689
4869
2617
1548
5056
5463
6039
7042
3139
2449
8402
1407
2685
8838
9648
7026
2724
1461
4800
5841
1126
2210
8266
8126
9699
4448
7348
4554
6932
424
7496
4994
2961
9308
4436
2019
9323
9717
6005
1239
7364
8717
4727
2621
7465
3216
5115
243
4847
9374
9869
9640
3534
6169
4470
9871
2023
9711
2594
3577
2390
5436
5509
7101
6588
1912
4625
4530
8513
9960
7615
9373
780
3170
7116
8109
207
431
2767
9208
7181
5118
3947
3027
4975
3310
7189
1741
3936
4647
5902
6441
3598
9499
3636
2735
3047
9991
9018
8897
6719
5858
716
1979
4268
7660
9308
8499
3082
3871
3481
8424
9908
7445
8460
2434
1954
4744
5664
5880
3571
2093
9729
9764
8609
2488
1603
1948
9081
8427
6320
1432
2308
8756
8833
3790
7956
9217
8206
7432
7518
1828
5854
9699
1600
6384
7006
1922
3533
2562
4421
7551
6637
6868
3046
3615
1615
7796
6344
3092
6182
5536
1614
2980
6767
6148
6403
8293
5076
7419
6341
6893
7440
3995
3658
8440
5774
6696
2052
127
7679
7633
1964
6682
9165
7777
3918
583
3491
8790
7600
2726
5236
7690
3683
5719
5253
2072
1102
9022
9216
148
1577
8110
3672
573
6969
5357
4682
1884
493
8227
8490
7884
4651
1743
4937
1095
465
955
2235
5933
8903
4816
3501
2572
2840
8539
2811
1504
6359
4325
1946
1539
923
7899
8066
1978
9415
9801
7706
1993
8622
4668
9015
8162
9865
780
5686
9626
5003
8871
3856
4526
1765
5560
6081
9616
1705
3227
9214
8042
3810
9752
2471
5393
9975
9638
1950
8404
7690
9747
1494
8548
3321
2036
3212
5397
2355
9335
1812
5908
80
1053
9601
694
4851
6923
8971
1277
3679
295
1857
5550
827
1778
447
9195
6493
3298
3285
2807
5491
5427
6759
7776
2344
3714
691
3718
6374
6706
1808
1217
9983
3686
9572
9404
8896
6661
201
7513
8458
4792
8754
1391
2909
1299
5701
5391
6432
6233
6934
4208
4709
7742
9130
9355
5175
2813
7122
6710
4574
9979
9928
6253
5660
1604
4714
2609
3196
5885
7489
7796
7295
9442
9280
4213
2213
9413
3952
6530
6158
5469
6153
817
6530
7542
9311
6563
2112
1111
3537
2409
77
5984
3195
5901
8570
4496
7474
7643
782
3789
4787
7763
849
9651
214
6249
6287
3604
2660
5370
9670
1019
9015
3381
2269
4500
2465
3338
2866
6711
4673
758
1641
7193
4708
1605
7386
4773
9318
3354
2583
1087
3644
2107
5777
6372
2301
4218
9379
7091
8823
5481
4435
4482
4572
3604
3414
854
7391
7740
5557
3347
7134
6532
5766
6132
9523
4094
7834
5050
2148
8199
3532
1432
7
8949
9324
4542
3255
5028
4289
447
6642
2939
1774
6771
9081
6561
5395
9913
1230
8720
983
1567
7714
5476
2995
2512
8728
1076
1995
4311
6250
125
3248
308
8604
1397
6737
1736
6556
9487
1789
1154
57
7570
4489
6700
3588
688
2508
1300
9038
5168
3032
6866
7307
898
2698
5357
692
5065
1114
7601
5606
3494
6112
1252
8636
8594
4921
2503
2004
6306
4345
283
5881
4198
2442
5184
4518
2427
7068
9336
3829
9826
2241
3523
2200
3271
4677
904
6096
7554
7393
5152
3080
6968
4918
8912
9375
5679
9339
7656
3150
9718
317
6947
287
4964
1551
811
4159
3449
926
1760
1370
7441
5041
8441
542
8755
4514
4426
7588
1399
6996
9257
4795
1190
3075
5502
499
5646
2274
8639
6076
2482
3474
2698
755
7328
7316
3781
8771
5600
3672
3330
7338
4164
8812
9656
4184
8502
7098
1926
9118
408
2442
3416
6548
9939
6573
6129
7186
4275
7841
4273
102
7725
9290
8913
9766
6432
4964
5711
2021
5140
8151
5858
689
1826
6578
6093
2417
9995
3180
4319
1196
3048
8116
6691
4556
1731
6751
8749
208
2506
7898
1843
5231
8900
445
5557
9977
6719
3007
6156
5843
800
9307
3001
25
4730
3902
7469
6552
7184
7173
1603
4059
7260
3003
2670
581
3118
3456
2487
6296
7752
9451
6354
9209
4564
5470
8461
5390
376
7305
5416
6618
5255
9212
9693
5149
5344
7684
4339
2425
2724
4084
5978
854
8342
9422
8600
526
9234
2187
8242
9243
2894
1989
3564
2695
2368
5079
2483
5650
325
4248
2942
2691
5482
5120
1714
5355
9857
3075
7711
3765
3926
1942
2014
7744
270
3546
4145
871
4005
4592
2612
4275
9713
7426
7154
7048
8591
32
6361
6708
5611
6489
6996
975
3488
3615
2439
5422
2232
2129
22
4714
470
3136
4947
7281
3893
3324
7052
7067
6721
2870
5625
3539
8870
9596
3794
6864
8873
5159
5906
9039
480
9303
5365
8800
1950
9905
5335
8688
9413
5256
1437
8284
94
4309
910
6984
5562
5989
1977
7896
4775
3291
9577
3291
850
3204
1750
1916
5057
9584
6749
2214
1698
6072
8598
2944
6593
7280
8407
6024
3899
3278
4506
9711
5415
4397
5124
1464
6743
5151
7832
2198
1184
2563
4038
5313
5993
9458
9936
5701
163
6574
5039
9028
5051
1350
1845
888
2086
7747
6058
4836
349
4730
1300
7833
2755
7318
6846
994
6731
639
7913
7344
3714
839
619
509
7550
6061
7078
7832
7190
4530
1279
8268
4952
9472
4427
1438
4575
3369
3520
7241
8885
9652
1039
2876
6097
1634
9969
1939
5402
4286
6324
2766
5185
4041
1035
1842
7414
468
5204
4398
9989
1079
3974
5181
1863
1563
8582
9023
8118
6075
5296
8230
443
5990
6353
7258
526
4480
2638
25
1748
4979
9584
4992
6111
8173
5436
8982
9562
7531
7672
7626
9503
9875
4510
830
3651
8458
6483
3119
7111
3432
2146
336
2101
3603
6098
7944
3244
9965
8022
8949
4599
1592
7702
6534
3644
3773
9
7459
1118
4397
5620
228
3897
3948
3898
9762
9168
7115
3671
7028
3699
4294
2444
3456
5996
4405
8143
9898
6044
4132
7496
617
2582
8077
6558
78
1863
4532
1377
341
458
356
3940
5318
8984
3647
1649
4363
7300
7124
9863
113
3630
2274
9638
6522
1383
7883
8730
3517
8336
9510
6277
5787
9662
4288
8579
1304
7702
6399
7145
829
7900
3012
3974
106
5479
9879
3897
4222
2822
3255
1514
6700
4874
1811
2437
1726
8122
4949
8418
2167
2641
2928
1021
7664
7282
1648
2779
4223
1784
4600
970
4404
5438
5146
3586
3640
5366
4111
7357
582
4832
6547
4564
5638
3588
9938
4192
8074
6304
4233
4021
1688
1132
4728
1322
9502
7772
3107
1133
7260
3052
7360
3285
7911
7038
56
7838
3313
1412
7048
205
3424
9738
6478
6092
7848
6570
7977
6437
1911
8073
7724
5472
2487
5737
1226
5672
4937
9930
7757
1990
4577
5738
6056
5250
497
2315
5816
3569
2661
262
3203
6241
421
1861
8687
6239
3639
1821
4161
8279
9433
736
843
4414
7811
6918
3568
5531
7725
3456
8754
2479
5511
6449
7272
9500
9073
7470
4970
870
4170
8608
5655
8738
8103
5946
5377
3411
407
9258
3780
2805
6991
3901
2529
9711
5694
343
7958
7641
97
4553
1291
9845
7706
6943
212
7498
4698
6439
2989
9526
4737
4817
1947
3825
1044
4303
3310
6851
2756
7943
7752
3920
2081
9694
8114
3971
5165
3947
1608
4795
9256
483
4774
2129
1822
4153
3925
7718
6572
8771
7773
9459
4057
4659
2748
8247
9575
521
6201
3022
557
8880
5385
2172
262
2422
1370
8537
1313
4201
6733
9181
3489
5942
636
6161
9685
4957
8512
9751
8602
9189
1109
1235
8931
8756
6437
9266
6879
7696
8097
168
8988
9395
3003
8458
9752
7366
242
7555
1812
100
4540
1443
4249
2003
9439
7059
7693
109
5868
1156
4200
5561
7368
7968
8494
3672
5451
3574
2302
6107
8571
9036
8712
1951
7258
7856
1220
35
2566
4391
3371
7871
9653
1669
6987
8198
1626
6592
3523
6774
3945
9731
7631
4248
5452
2016
5605
2199
2273
4170
4879
8921
1587
9130
2344
2663
378
5467
6414
8698
5453
8421
5909
3090
9235
865
1571
2894
699
3104
8829
7846
1869
7553
9306
7839
6399
1221
2606
1230
1203
5857
8790
1668
6359
900
7559
4831
3361
2761
1420
3026
8149
7236
2580
1827
2153
1770
7173
5273
7301
5004
2610
4788
3432
7758
8627
7443
1756
4186
8448
3932
7675
1156
3352
2192
9163
8030
3767
3850
549
9667
8056
6813
5275
8888
5091
4255
5689
9020
9012
8186
2714
5738
28
2626
114
822
3654
1244
8981
7568
7376
9671
3794
477
4489
7981
1299
4490
4394
4749
9301
8394
544
4487
4562
5590
3518
7382
8056
6491
4552
3785
4427
9222
9533
1652
9878
1437
4875
453
4698
583
7885
7619
9385
8467
7629
8436
5787
9021
3027
8268
4351
172
3436
5305
6514
8365
3076
2180
9874
1602
1707
3718
8827
4038
3122
8945
2198
9059
4941
8036
418
6344
353
5536
6710
6899
3812
3645
4164
6401
7443
3976
1961
7398
7575
324
9298
4600
7510
2048
1987
7734
4937
7584
2279
4708
9254
1208
9564
827
7804
806
6759
443
1279
2431
3321
700
2752
1088
3965
8299
5644
5855
4692
1592
8657
8500
7275
2432
7294
1807
3415
9409
798
42
4311
7700
2748
835
4451
4801
4449
7400
8818
2080
6864
83
6301
5202
2024
5777
7884
5063
786
6082
1631
8701
2276
4885
9051
5409
7741
4945
9114
5664
3633
7965
1358
9207
2648
965
9044
8901
440
7946
1075
3672
2506
5927
4649
9648
294
2456
1222
9967
2880
2211
9931
9638
7027
2161
5790
9903
6461
4185
9265
9969
3249
860
5991
9162
7804
2014
6799
203
215
9771
3092
7956
2390
273
1583
7603
9631
8148
2022
2011
8599
5797
7926
2864
3856
9459
176
3766
9967
2879
5627
7565
5210
4750
7648
3370
1927
2395
5580
8422
361
113
4929
738
7886
7109
8635
7369
2427
9814
2447
7634
5889
9804
4575
8381
5472
1945
474
4430
7710
7609
5840
2112
2776
149
2922
9252
2140
8801
3981
8771
2614
3768
7849
5872
5403
7229
8945
5432
1823
5187
627
6792
3112
7642
5848
5164
7940
2425
5432
4356
7436
2860
6362
7846
8814
6073
3349
3327
5395
2699
2041
6245
8725
8038
3815
5321
7639
9910
2989
467
1254
4927
7936
4715
7153
7534
5459
1063
5137
1891
64
7411
8630
1453
3852
6257
9298
2971
8404
3799
9767
4245
1200
3849
7558
4289
2446
7982
9237
166
1607
4521
3166
1658
1683
9608
4942
6445
3115
8213
8808
2543
7299
1300
632
3694
9453
4961
9271
2307
9135
472
6340
2457
1569
1216
638
9205
5711
9786
9952
3576
6525
3616
8898
2924
5107
7660
2314
7010
732
6125
4011
595
7585
7758
145
1473
7916
2116
8320
2674
4105
1823
1194
1969
8636
7732
8627
6966
1002
351
8966
4959
5935
2543
9031
6270
7060
6184
3621
5969
3453
2036
1346
264
8383
3351
7791
5783
8989
1706
6899
7674
5999
5171
2627
7094
9806
9599
5935
8724
5596
627
2547
2388
4815
6094
4466
1657
3595
9013
3295
7788
1013
989
1296
6110
1503
924
2981
9923
7818
1453
8857
17
3166
9634
8473
8062
3913
53
5960
8338
5167
45
3368
7847
9504
156
9545
9992
5473
1369
854
4244
7120
2836
1956
5547
5203
168
5404
2355
265
6903
7301
585
6626
192
9375
7193
7315
3212
9291
3006
2273
8842
7106
2475
200
5396
4946
9642
3071
6945
4242
3901
8899
1160
4534
3898
5421
247
8442
1895
6906
1297
5175
2802
1840
6872
3584
4579
6113
6228
2555
5863
8802
8329
8518
2421
252
3279
3594
3241
141
847
5023
4623
7789
8629
5242
7241
746
4125
2954
6225
9759
7902
9978
7876
1910
5762
6187
1315
3728
8412
5749
9171
4084
3533
8843
7889
7449
8465
7788
2470
1905
9126
8225
5479
537
1043
3352
5040
7271
4536
5454
9643
53
6620
4407
7740
9536
3201
3118
2911
1145
3860
1229
3147
4936
4079
9571
1634
7573
7080
2034
4771
1005
8272
5004
5882
8371
3201
495
7066
6005
91
2052
5123
1425
1253
6511
2613
108
8487
4711
8294
8073
8651
8317
1892
8179
7751
6015
1661
4931
9818
8617
1809
9235
3060
5251
3510
1709
9788
1228
1179
7705
7980
6090
7163
1012
1698
2163
919
6492
9652
2496
4813
9737
8609
8056
2616
8567
7895
1269
258
1590
7091
3225
3208
144
5200
6067
9107
3473
7405
1448
4044
9405
370
549
4962
4634
8314
5600
5586
6740
3331
5567
7950
3716
6868
4135
9301
4866
8967
7712
1218
8658
2670
1949
1573
1468
3973
8274
681
5703
6238
9264
5662
6887
1029
8700
7162
6502
3699
3461
107
5291
1400
3976
1587
3854
277
421
7403
6158
2245
8698
176
7124
2064
1368
473
7081
3291
529
4352
1679
4317
4538
1506
9413
221
345
402
1735
459
9586
2182
171
1502
3373
1294
1810
8851
4875
8720
640
641
1592
5563
7998
2078
1039
8213
3839
633
1169
6050
9045
3181
4236
2747
5160
6662
6024
8926
8151
5218
7940
887
3284
4063
7730
3111
3097
6864
2430
4983
7988
7054
4804
1853
9886
620
8355
2518
8842
975
6402
3873
5207
3853
9682
775
9168
4834
8219
3297
7375
8816
2337
9360
3241
1889
1518
7444
6832
929
4819
9339
4315
4245
1006
7442
2004
4818
1265
9984
9304
999
8250
6173
2240
3967
9272
5963
7518
8969
6217
3721
7577
4038
5318
2667
3225
1660
4741
3691
4535
7179
7581
8915
6946
6883
1549
3184
2721
5179
9454
4008
8156
1605
360
2992
4506
9329
4654
8421
8868
1550
1952
4780
1557
8755
8190
3221
4148
6613
7763
4279
5478
7417
4667
8507
7145
8725
5876
5913
8346
3702
9882
8666
4380
2056
7874
355
9661
3224
1926
1690
9337
3114
7423
448
8308
691
1221
9792
1152
2724
6486
6200
77
1256
5372
1661
7183
957
2827
9180
1755
3607
291
2582
8496
1030
2470
2626
3947
4248
7454
8968
7826
7540
6120
2491
6656
6804
5566
2623
2570
6691
3751
7123
3231
6909
1765
9399
9352
7972
9403
5168
8585
7673
9383
5487
1767
6418
2303
2609
943
3718
9328
890
4434
8036
7473
7288
4356
3434
4052
4613
7799
102
9271
4677
9696
8695
3808
2052
4897
6123
2436
7564
1887
1020
1087
9908
2101
8481
6637
5517
6637
3181
8667
4014
8542
7217
4746
2956
9583
3677
2843
4263
3374
7773
3967
9048
6744
1487
9794
9908
1068
4381
7176
8511
3520
420
5831
1381
486
8170
898
1626
1083
4219
8823
6102
7279
9700
3613
9013
7774
7755
246
2235
5740
3984
6074
2929
7813
3228
8555
704
9410
4105
5351
2135
7107
7127
4757
947
8960
3714
5333
5564
2250
5677
9025
2458
5371
8328
8019
7145
8702
901
8907
3154
4178
9300
816
7776
5445
897
2919
2124
2141
1238
8113
5824
2036
5568
3353
4382
5063
7494
1584
5798
9755
6870
4594
6320
1587
7563
971
393
8395
4904
3640
5901
5033
4947
8228
5418
8456
3555
172
2205
1069
7879
122
2219
6410
6123
1611
7979
9310
9164
9356
3368
3863
5080
4223
4634
9995
512
7931
9014
3203
5233
40
7007
5437
261
4827
4699
4290
857
2712
8512
3954
581
7656
6943
9297
3969
6482
9249
3525
9597
7781
7547
5658
4442
3111
3776
811
9411
2990
9647
1038
172
5020
9756
2323
4941
6426
4009
8985
8263
4920
221
3985
2882
7134
2201
1572
7650
7579
8609
1580
3533
4113
4997
160
8370
6696
2427
6991
3247
8595
3003
6337
1109
9240
4711
5503
835
