P: 7
T: 10000
mismatches: 1
i: 325	K: (0, 2, 3, 4, 5, 6)
i: 360	K: (1, 2, 3, 4, 5, 6)
i: 1003	K: (0, 1, 2, 3, 4, 6)
i: 1064	K: (0, 1, 3, 4, 5, 6)
i: 1364	K: (0, 1, 2, 3, 5, 6)
i: 1451	K: (0, 1, 2, 3, 4, 6)
i: 1506	K: (1, 2, 3, 4, 5, 6)
i: 1545	K: (0, 2, 3, 4, 5, 6)
i: 1586	K: (0, 1, 2, 3, 5, 6)
i: 1673	K: (0, 1, 3, 4, 5, 6)
i: 1727	K: (0, 1, 2, 3, 4, 6)
i: 1871	K: (1, 2, 3, 4, 5, 6)
i: 1962	K: (0, 1, 2, 3, 5, 6)
i: 2150	K: (0, 2, 3, 4, 5, 6)
i: 2289	K: (0, 1, 2, 3, 4, 5)
i: 2425	K: (0, 1, 2, 3, 4, 5)
i: 2585	K: (0, 1, 2, 3, 4, 5)
i: 2636	K: (0, 1, 2, 3, 5, 6)
i: 2675	K: (0, 1, 2, 3, 5, 6)
i: 2769	K: (0, 2, 3, 4, 5, 6)
i: 3001	K: (0, 1, 2, 4, 5, 6)
i: 3108	K: (1, 2, 3, 4, 5, 6)
i: 3179	K: (0, 1, 2, 4, 5, 6)
i: 3523	K: (0, 1, 3, 4, 5, 6)
i: 3872	K: (1, 2, 3, 4, 5, 6)
i: 3962	K: (0, 1, 2, 3, 4, 6)
i: 4328	K: (0, 1, 2, 3, 4, 6)
i: 4759	K: (0, 1, 2, 3, 4, 5)
i: 4775	K: (0, 2, 3, 4, 5, 6)
i: 4977	K: (0, 1, 2, 3, 4, 6)
i: 5043	K: (0, 2, 3, 4, 5, 6)
i: 5200	K: (0, 2, 3, 4, 5, 6)
i: 5798	K: (0, 1, 2, 3, 4, 6)
i: 6320	K: (1, 2, 3, 4, 5, 6)
i: 6477	K: (1, 2, 3, 4, 5, 6)
i: 6605	K: (0, 2, 3, 4, 5, 6)
i: 6631	K: (1, 2, 3, 4, 5, 6)
i: 7046	K: (0, 1, 2, 3, 4, 6)
i: 7467	K: (0, 2, 3, 4, 5, 6)
i: 7661	K: (0, 1, 2, 3, 5, 6)
i: 7875	K: (0, 1, 2, 3, 4, 6)
i: 7983	K: (0, 1, 3, 4, 5, 6)
i: 8113	K: (0, 1, 2, 4, 5, 6)
i: 8599	K: (0, 2, 3, 4, 5, 6)
i: 8673	K: (0, 1, 2, 4, 5, 6)
i: 8762	K: (1, 2, 3, 4, 5, 6)
i: 8859	K: (0, 1, 2, 3, 5, 6)
i: 8883	K: (0, 1, 2, 3, 4, 5)
i: 8914	K: (0, 1, 2, 3, 4, 5)
i: 8916	K: (0, 1, 2, 3, 4, 6)
i: 9013	K: (0, 1, 2, 3, 5, 6)
i: 9064	K: (0, 2, 3, 4, 5, 6)
i: 9162	K: (0, 1, 2, 3, 4, 5)
i: 9506	K: (1, 2, 3, 4, 5, 6)
i: 9642	K: (0, 1, 2, 3, 5, 6)
time: 2.3080451488494873sec