P: 7
T: 10000
mismatches: 2
i: 5	K: (0, 1, 2, 5, 6)
i: 9	K: (0, 3, 4, 5, 6)
i: 46	K: (1, 2, 4, 5, 6)
i: 48	K: (0, 1, 3, 4, 5)
i: 80	K: (0, 1, 3, 4, 5)
i: 82	K: (0, 1, 2, 3, 4)
i: 88	K: (0, 1, 2, 3, 6)
i: 111	K: (0, 2, 3, 4, 5)
i: 126	K: (1, 3, 4, 5, 6)
i: 149	K: (0, 1, 3, 5, 6)
i: 154	K: (1, 3, 4, 5, 6)
i: 160	K: (0, 2, 4, 5, 6)
i: 167	K: (1, 2, 3, 4, 5)
i: 168	K: (0, 2, 4, 5, 6)
i: 190	K: (0, 1, 3, 4, 5)
i: 200	K: (0, 1, 2, 4, 6)
i: 206	K: (0, 1, 2, 3, 4)
i: 225	K: (1, 2, 4, 5, 6)
i: 242	K: (0, 1, 2, 3, 4)
i: 251	K: (1, 2, 3, 4, 5)
i: 289	K: (1, 2, 3, 4, 6)
i: 304	K: (0, 1, 2, 5, 6)
i: 308	K: (1, 2, 4, 5, 6)
i: 325	K: (0, 2, 3, 4, 5)
i: 327	K: (0, 1, 2, 3, 6)
i: 334	K: (0, 2, 3, 4, 5)
i: 336	K: (0, 1, 2, 3, 5)
i: 348	K: (1, 3, 4, 5, 6)
i: 350	K: (1, 2, 3, 5, 6)
i: 360	K: (1, 2, 3, 4, 5)
i: 386	K: (0, 1, 2, 5, 6)
i: 406	K: (0, 2, 3, 5, 6)
i: 421	K: (0, 1, 2, 3, 4)
i: 432	K: (0, 1, 3, 4, 5)
i: 434	K: (1, 2, 3, 5, 6)
i: 441	K: (0, 1, 2, 3, 4)
i: 456	K: (0, 1, 2, 4, 5)
i: 488	K: (1, 3, 4, 5, 6)
i: 495	K: (0, 2, 4, 5, 6)
i: 570	K: (0, 2, 3, 4, 6)
i: 588	K: (0, 1, 2, 3, 5)
i: 605	K: (0, 1, 2, 5, 6)
i: 609	K: (0, 1, 2, 5, 6)
i: 614	K: (1, 2, 3, 5, 6)
i: 616	K: (1, 2, 3, 4, 6)
i: 620	K: (1, 2, 3, 4, 5)
i: 622	K: (0, 1, 2, 3, 6)
i: 638	K: (0, 1, 2, 5, 6)
i: 660	K: (0, 1, 2, 4, 5)
i: 671	K: (0, 1, 2, 3, 5)
i: 673	K: (0, 1, 2, 3, 5)
i: 685	K: (0, 1, 3, 4, 6)
i: 711	K: (0, 1, 2, 4, 6)
i: 717	K: (0, 1, 2, 3, 4)
i: 722	K: (0, 1, 2, 4, 6)
i: 744	K: (0, 1, 3, 5, 6)
i: 746	K: (0, 1, 3, 5, 6)
i: 747	K: (0, 1, 2, 4, 6)
i: 750	K: (0, 1, 2, 4, 6)
i: 783	K: (0, 1, 2, 3, 4)
i: 785	K: (0, 1, 2, 4, 6)
i: 820	K: (0, 2, 3, 4, 5)
i: 825	K: (1, 2, 3, 4, 5)
i: 827	K: (0, 1, 2, 3, 4)
i: 832	K: (0, 1, 2, 4, 5)
i: 849	K: (2, 3, 4, 5, 6)
i: 851	K: (0, 1, 2, 3, 6)
i: 872	K: (0, 2, 3, 4, 6)
i: 882	K: (0, 1, 2, 4, 5)
i: 883	K: (1, 2, 3, 5, 6)
i: 914	K: (0, 1, 2, 3, 6)
i: 932	K: (1, 2, 4, 5, 6)
i: 952	K: (1, 2, 3, 4, 5)
i: 954	K: (0, 2, 3, 4, 6)
i: 968	K: (0, 2, 3, 5, 6)
i: 970	K: (0, 1, 3, 4, 5)
i: 972	K: (0, 1, 2, 3, 6)
i: 986	K: (0, 1, 2, 3, 5)
i: 988	K: (0, 3, 4, 5, 6)
i: 997	K: (0, 3, 4, 5, 6)
i: 1001	K: (0, 1, 3, 4, 5)
i: 1003	K: (0, 1, 2, 3, 4)
i: 1008	K: (0, 1, 2, 4, 5)
i: 1010	K: (0, 2, 3, 5, 6)
i: 1012	K: (1, 2, 3, 4, 6)
i: 1023	K: (0, 1, 3, 5, 6)
i: 1027	K: (0, 1, 3, 5, 6)
i: 1029	K: (0, 1, 3, 4, 6)
i: 1040	K: (0, 1, 3, 5, 6)
i: 1042	K: (1, 3, 4, 5, 6)
i: 1059	K: (0, 1, 2, 3, 4)
i: 1064	K: (0, 1, 3, 4, 5)
i: 1066	K: (0, 1, 3, 5, 6)
i: 1068	K: (0, 1, 3, 4, 5)
i: 1070	K: (0, 1, 2, 3, 4)
i: 1072	K: (0, 1, 2, 4, 5)
i: 1091	K: (1, 3, 4, 5, 6)
i: 1104	K: (1, 2, 3, 4, 6)
i: 1106	K: (0, 1, 4, 5, 6)
i: 1121	K: (0, 2, 3, 5, 6)
i: 1128	K: (0, 1, 2, 4, 6)
i: 1138	K: (0, 1, 3, 4, 6)
i: 1146	K: (0, 1, 2, 4, 6)
i: 1148	K: (0, 1, 3, 4, 5)
i: 1152	K: (0, 1, 2, 5, 6)
i: 1175	K: (0, 1, 2, 5, 6)
i: 1177	K: (0, 1, 3, 4, 6)
i: 1215	K: (1, 2, 4, 5, 6)
i: 1231	K: (0, 1, 3, 4, 5)
i: 1237	K: (0, 1, 2, 3, 4)
i: 1241	K: (0, 1, 3, 5, 6)
i: 1248	K: (2, 3, 4, 5, 6)
i: 1254	K: (0, 2, 3, 4, 5)
i: 1256	K: (0, 1, 2, 3, 6)
i: 1263	K: (0, 2, 3, 5, 6)
i: 1265	K: (1, 2, 3, 4, 6)
i: 1274	K: (0, 2, 3, 4, 6)
i: 1280	K: (2, 3, 4, 5, 6)
i: 1282	K: (0, 1, 2, 3, 6)
i: 1301	K: (1, 2, 4, 5, 6)
i: 1306	K: (2, 3, 4, 5, 6)
i: 1318	K: (1, 2, 3, 5, 6)
i: 1354	K: (1, 2, 3, 4, 6)
i: 1362	K: (2, 3, 4, 5, 6)
i: 1364	K: (0, 1, 2, 3, 5)
i: 1369	K: (1, 2, 3, 4, 5)
i: 1371	K: (0, 1, 2, 3, 4)
i: 1374	K: (2, 3, 4, 5, 6)
i: 1376	K: (0, 1, 2, 3, 6)
i: 1424	K: (0, 1, 2, 5, 6)
i: 1432	K: (0, 1, 2, 4, 5)
i: 1434	K: (0, 2, 3, 4, 5)
i: 1445	K: (1, 3, 4, 5, 6)
i: 1449	K: (0, 1, 3, 4, 5)
i: 1451	K: (0, 1, 2, 3, 4)
i: 1477	K: (0, 1, 2, 4, 6)
i: 1480	K: (0, 1, 2, 5, 6)
i: 1490	K: (1, 2, 4, 5, 6)
i: 1496	K: (0, 1, 2, 4, 5)
i: 1506	K: (1, 2, 3, 4, 5)
i: 1545	K: (0, 2, 3, 4, 5)
i: 1553	K: (0, 1, 2, 4, 5)
i: 1555	K: (0, 1, 2, 3, 6)
i: 1572	K: (0, 1, 2, 4, 5)
i: 1584	K: (1, 2, 3, 4, 5)
i: 1586	K: (0, 1, 2, 3, 5)
i: 1600	K: (0, 1, 2, 4, 5)
i: 1602	K: (0, 1, 2, 3, 5)
i: 1604	K: (0, 1, 3, 5, 6)
i: 1646	K: (0, 1, 2, 4, 6)
i: 1661	K: (0, 2, 3, 5, 6)
i: 1663	K: (1, 2, 3, 4, 6)
i: 1671	K: (0, 3, 4, 5, 6)
i: 1673	K: (0, 1, 2, 3, 5)
i: 1679	K: (0, 1, 2, 5, 6)
i: 1702	K: (1, 3, 4, 5, 6)
i: 1723	K: (0, 1, 3, 4, 5)
i: 1725	K: (1, 2, 3, 4, 5)
i: 1727	K: (0, 1, 2, 3, 4)
i: 1729	K: (0, 1, 4, 5, 6)
i: 1739	K: (0, 1, 2, 4, 6)
i: 1747	K: (1, 2, 3, 4, 5)
i: 1749	K: (0, 1, 2, 3, 4)
i: 1751	K: (0, 1, 2, 4, 5)
i: 1755	K: (2, 3, 4, 5, 6)
i: 1762	K: (0, 1, 2, 4, 6)
i: 1763	K: (1, 2, 3, 4, 6)
i: 1784	K: (0, 1, 2, 3, 4)
i: 1789	K: (0, 1, 2, 3, 4)
i: 1822	K: (0, 1, 2, 3, 6)
i: 1833	K: (1, 2, 3, 4, 6)
i: 1852	K: (2, 3, 4, 5, 6)
i: 1871	K: (1, 2, 3, 4, 5)
i: 1883	K: (0, 1, 2, 5, 6)
i: 1890	K: (0, 1, 4, 5, 6)
i: 1904	K: (0, 1, 3, 4, 6)
i: 1923	K: (0, 1, 3, 4, 5)
i: 1925	K: (0, 1, 2, 3, 6)
i: 1930	K: (0, 1, 2, 3, 4)
i: 1962	K: (0, 1, 2, 3, 5)
i: 1997	K: (0, 1, 2, 3, 5)
i: 1998	K: (0, 2, 3, 4, 6)
i: 2015	K: (0, 1, 2, 4, 6)
i: 2025	K: (0, 1, 2, 3, 4)
i: 2043	K: (1, 3, 4, 5, 6)
i: 2052	K: (0, 1, 2, 3, 6)
i: 2059	K: (1, 2, 3, 4, 6)
i: 2077	K: (0, 1, 2, 3, 4)
i: 2084	K: (1, 2, 3, 4, 6)
i: 2109	K: (0, 1, 2, 3, 4)
i: 2133	K: (0, 1, 2, 3, 4)
i: 2150	K: (0, 1, 2, 4, 6)
i: 2152	K: (0, 1, 2, 3, 5)
i: 2165	K: (0, 2, 3, 4, 5)
i: 2189	K: (0, 2, 3, 4, 5)
i: 2191	K: (0, 1, 2, 3, 6)
i: 2196	K: (0, 2, 3, 4, 6)
i: 2207	K: (0, 3, 4, 5, 6)
i: 2212	K: (1, 2, 3, 4, 5)
i: 2228	K: (2, 3, 4, 5, 6)
i: 2230	K: (0, 1, 2, 3, 6)
i: 2245	K: (0, 1, 2, 4, 5)
i: 2247	K: (0, 1, 2, 3, 5)
i: 2265	K: (1, 2, 3, 5, 6)
i: 2269	K: (0, 1, 2, 4, 5)
i: 2282	K: (0, 3, 4, 5, 6)
i: 2287	K: (1, 2, 3, 4, 5)
i: 2289	K: (0, 1, 2, 3, 4)
i: 2291	K: (0, 1, 2, 3, 4)
i: 2332	K: (1, 2, 4, 5, 6)
i: 2344	K: (0, 1, 3, 4, 5)
i: 2352	K: (0, 1, 2, 3, 4)
i: 2357	K: (1, 2, 3, 4, 5)
i: 2359	K: (0, 1, 2, 3, 4)
i: 2378	K: (0, 1, 4, 5, 6)
i: 2402	K: (0, 1, 2, 4, 6)
i: 2408	K: (1, 3, 4, 5, 6)
i: 2421	K: (1, 2, 3, 4, 5)
i: 2423	K: (0, 1, 2, 3, 5)
i: 2425	K: (0, 1, 2, 3, 4)
i: 2437	K: (0, 1, 2, 5, 6)
i: 2445	K: (1, 2, 3, 4, 5)
i: 2455	K: (0, 1, 2, 3, 5)
i: 2457	K: (0, 2, 3, 5, 6)
i: 2459	K: (0, 1, 3, 4, 5)
i: 2468	K: (1, 3, 4, 5, 6)
i: 2476	K: (1, 2, 4, 5, 6)
i: 2484	K: (0, 1, 3, 4, 6)
i: 2491	K: (0, 1, 3, 5, 6)
i: 2492	K: (0, 1, 2, 4, 6)
i: 2497	K: (0, 1, 3, 5, 6)
i: 2499	K: (0, 1, 3, 4, 6)
i: 2505	K: (0, 1, 2, 4, 6)
i: 2514	K: (0, 1, 2, 3, 4)
i: 2531	K: (0, 2, 3, 4, 6)
i: 2536	K: (1, 2, 3, 4, 6)
i: 2538	K: (0, 1, 2, 5, 6)
i: 2546	K: (0, 1, 2, 4, 6)
i: 2554	K: (0, 2, 4, 5, 6)
i: 2570	K: (1, 2, 4, 5, 6)
i: 2583	K: (1, 2, 3, 4, 5)
i: 2585	K: (0, 1, 2, 3, 4)
i: 2587	K: (0, 1, 2, 3, 4)
i: 2600	K: (0, 1, 2, 4, 6)
i: 2609	K: (0, 2, 3, 4, 6)
i: 2628	K: (0, 1, 3, 5, 6)
i: 2634	K: (1, 2, 3, 4, 5)
i: 2636	K: (0, 1, 2, 3, 5)
i: 2653	K: (0, 1, 2, 3, 4)
i: 2656	K: (1, 2, 3, 4, 6)
i: 2660	K: (1, 2, 3, 5, 6)
i: 2675	K: (0, 1, 2, 3, 5)
i: 2686	K: (1, 2, 3, 4, 5)
i: 2705	K: (0, 2, 3, 5, 6)
i: 2707	K: (1, 2, 3, 4, 6)
i: 2727	K: (0, 1, 3, 5, 6)
i: 2729	K: (1, 2, 3, 4, 5)
i: 2731	K: (0, 1, 2, 3, 5)
i: 2733	K: (0, 2, 3, 4, 5)
i: 2735	K: (0, 2, 3, 4, 6)
i: 2741	K: (1, 2, 4, 5, 6)
i: 2754	K: (0, 1, 2, 4, 5)
i: 2756	K: (0, 1, 2, 3, 6)
i: 2769	K: (0, 1, 2, 3, 5)
i: 2771	K: (0, 1, 3, 4, 6)
i: 2810	K: (2, 3, 4, 5, 6)
i: 2812	K: (0, 1, 2, 3, 6)
i: 2816	K: (0, 2, 3, 4, 6)
i: 2823	K: (0, 1, 4, 5, 6)
i: 2836	K: (0, 1, 2, 4, 6)
i: 2861	K: (0, 1, 3, 4, 5)
i: 2865	K: (0, 1, 2, 4, 5)
i: 2878	K: (0, 1, 4, 5, 6)
i: 2885	K: (1, 2, 3, 4, 5)
i: 2896	K: (1, 3, 4, 5, 6)
i: 2898	K: (1, 3, 4, 5, 6)
i: 2918	K: (0, 2, 4, 5, 6)
i: 2948	K: (0, 2, 3, 4, 6)
i: 2950	K: (0, 2, 3, 5, 6)
i: 2952	K: (1, 2, 3, 4, 6)
i: 2963	K: (0, 1, 2, 4, 5)
i: 2969	K: (0, 1, 2, 4, 6)
i: 2980	K: (0, 2, 4, 5, 6)
i: 2991	K: (0, 2, 3, 4, 5)
i: 2993	K: (0, 1, 2, 3, 5)
i: 2995	K: (1, 2, 3, 4, 6)
i: 3001	K: (0, 1, 2, 4, 5)
i: 3011	K: (1, 2, 3, 4, 5)
i: 3022	K: (0, 1, 2, 5, 6)
i: 3025	K: (0, 1, 2, 4, 6)
i: 3060	K: (0, 1, 3, 5, 6)
i: 3078	K: (0, 1, 3, 4, 5)
i: 3108	K: (1, 2, 3, 4, 5)
i: 3110	K: (0, 1, 3, 4, 6)
i: 3168	K: (0, 3, 4, 5, 6)
i: 3179	K: (0, 1, 2, 4, 5)
i: 3189	K: (0, 1, 3, 4, 6)
i: 3194	K: (0, 1, 2, 5, 6)
i: 3252	K: (1, 2, 3, 4, 6)
i: 3264	K: (0, 1, 2, 4, 5)
i: 3279	K: (0, 2, 3, 4, 6)
i: 3287	K: (0, 1, 4, 5, 6)
i: 3298	K: (0, 3, 4, 5, 6)
i: 3305	K: (0, 2, 4, 5, 6)
i: 3311	K: (1, 3, 4, 5, 6)
i: 3320	K: (0, 2, 3, 4, 6)
i: 3339	K: (1, 2, 3, 5, 6)
i: 3341	K: (0, 1, 3, 4, 5)
i: 3343	K: (0, 1, 2, 3, 4)
i: 3344	K: (1, 3, 4, 5, 6)
i: 3356	K: (0, 1, 2, 4, 6)
i: 3362	K: (1, 2, 3, 4, 6)
i: 3381	K: (0, 2, 3, 4, 6)
i: 3387	K: (1, 2, 4, 5, 6)
i: 3415	K: (1, 2, 4, 5, 6)
i: 3417	K: (0, 1, 2, 3, 6)
i: 3437	K: (0, 1, 3, 5, 6)
i: 3464	K: (0, 1, 2, 3, 5)
i: 3469	K: (0, 1, 2, 4, 6)
i: 3482	K: (1, 2, 3, 5, 6)
i: 3491	K: (2, 3, 4, 5, 6)
i: 3493	K: (0, 1, 2, 3, 6)
i: 3521	K: (0, 2, 3, 5, 6)
i: 3523	K: (0, 1, 3, 4, 5)
i: 3542	K: (0, 2, 3, 5, 6)
i: 3544	K: (1, 2, 3, 4, 6)
i: 3554	K: (0, 1, 3, 5, 6)
i: 3581	K: (0, 2, 4, 5, 6)
i: 3619	K: (2, 3, 4, 5, 6)
i: 3621	K: (0, 1, 2, 3, 6)
i: 3636	K: (2, 3, 4, 5, 6)
i: 3638	K: (0, 1, 2, 3, 5)
i: 3640	K: (0, 1, 3, 4, 5)
i: 3641	K: (0, 2, 4, 5, 6)
i: 3642	K: (0, 1, 2, 3, 6)
i: 3678	K: (0, 1, 2, 3, 5)
i: 3701	K: (0, 2, 3, 5, 6)
i: 3703	K: (0, 1, 3, 4, 5)
i: 3717	K: (0, 1, 2, 4, 5)
i: 3720	K: (1, 3, 4, 5, 6)
i: 3726	K: (0, 2, 3, 5, 6)
i: 3767	K: (1, 2, 3, 4, 5)
i: 3769	K: (0, 1, 2, 3, 4)
i: 3772	K: (1, 2, 3, 5, 6)
i: 3790	K: (0, 1, 2, 4, 5)
i: 3800	K: (2, 3, 4, 5, 6)
i: 3809	K: (0, 2, 3, 4, 5)
i: 3810	K: (0, 2, 4, 5, 6)
i: 3825	K: (0, 3, 4, 5, 6)
i: 3827	K: (0, 1, 3, 4, 6)
i: 3835	K: (1, 2, 4, 5, 6)
i: 3851	K: (0, 1, 2, 4, 6)
i: 3858	K: (1, 2, 3, 4, 5)
i: 3872	K: (1, 2, 3, 4, 5)
i: 3880	K: (1, 3, 4, 5, 6)
i: 3882	K: (1, 2, 3, 5, 6)
i: 3887	K: (1, 3, 4, 5, 6)
i: 3896	K: (0, 1, 3, 4, 5)
i: 3912	K: (0, 1, 3, 4, 6)
i: 3923	K: (0, 1, 2, 3, 6)
i: 3938	K: (0, 1, 2, 5, 6)
i: 3962	K: (0, 1, 2, 3, 4)
i: 3978	K: (0, 1, 2, 3, 4)
i: 3987	K: (1, 2, 3, 5, 6)
i: 3989	K: (1, 2, 3, 4, 6)
i: 4010	K: (0, 1, 2, 4, 6)
i: 4013	K: (0, 1, 2, 5, 6)
i: 4022	K: (0, 1, 2, 5, 6)
i: 4029	K: (0, 1, 2, 3, 4)
i: 4035	K: (0, 3, 4, 5, 6)
i: 4054	K: (0, 3, 4, 5, 6)
i: 4076	K: (0, 1, 2, 4, 6)
i: 4091	K: (0, 1, 3, 4, 5)
i: 4113	K: (1, 2, 3, 5, 6)
i: 4115	K: (0, 1, 3, 4, 6)
i: 4121	K: (0, 1, 2, 4, 5)
i: 4132	K: (1, 3, 4, 5, 6)
i: 4146	K: (0, 1, 2, 3, 6)
i: 4152	K: (0, 1, 3, 4, 6)
i: 4164	K: (0, 1, 4, 5, 6)
i: 4171	K: (1, 2, 4, 5, 6)
i: 4179	K: (1, 2, 3, 5, 6)
i: 4187	K: (1, 3, 4, 5, 6)
i: 4228	K: (1, 2, 4, 5, 6)
i: 4257	K: (1, 2, 3, 4, 5)
i: 4258	K: (0, 2, 4, 5, 6)
i: 4280	K: (1, 2, 4, 5, 6)
i: 4296	K: (1, 3, 4, 5, 6)
i: 4324	K: (0, 2, 3, 5, 6)
i: 4326	K: (0, 1, 3, 4, 5)
i: 4328	K: (0, 1, 2, 3, 4)
i: 4344	K: (0, 3, 4, 5, 6)
i: 4354	K: (0, 1, 3, 5, 6)
i: 4356	K: (1, 3, 4, 5, 6)
i: 4370	K: (0, 1, 2, 3, 4)
i: 4372	K: (0, 1, 2, 5, 6)
i: 4377	K: (1, 2, 3, 4, 6)
i: 4445	K: (1, 2, 3, 4, 5)
i: 4447	K: (0, 2, 3, 4, 6)
i: 4453	K: (1, 2, 3, 5, 6)
i: 4461	K: (0, 1, 2, 4, 5)
i: 4467	K: (0, 1, 3, 4, 5)
i: 4477	K: (0, 2, 3, 5, 6)
i: 4496	K: (0, 1, 3, 5, 6)
i: 4504	K: (1, 2, 4, 5, 6)
i: 4506	K: (0, 1, 2, 3, 6)
i: 4510	K: (0, 2, 4, 5, 6)
i: 4530	K: (0, 1, 3, 4, 5)
i: 4536	K: (0, 1, 2, 4, 5)
i: 4538	K: (0, 1, 2, 3, 5)
i: 4544	K: (0, 1, 2, 4, 5)
i: 4546	K: (0, 1, 2, 3, 5)
i: 4569	K: (1, 2, 3, 4, 5)
i: 4571	K: (0, 1, 2, 3, 4)
i: 4578	K: (0, 1, 3, 4, 6)
i: 4588	K: (0, 1, 3, 4, 5)
i: 4599	K: (0, 1, 3, 5, 6)
i: 4601	K: (0, 1, 2, 3, 5)
i: 4620	K: (0, 1, 3, 5, 6)
i: 4648	K: (0, 3, 4, 5, 6)
i: 4697	K: (0, 1, 2, 4, 6)
i: 4710	K: (1, 2, 3, 5, 6)
i: 4712	K: (0, 1, 2, 3, 6)
i: 4729	K: (1, 2, 3, 4, 6)
i: 4737	K: (0, 1, 3, 5, 6)
i: 4747	K: (2, 3, 4, 5, 6)
i: 4749	K: (0, 1, 2, 3, 5)
i: 4757	K: (1, 2, 3, 4, 5)
i: 4759	K: (0, 1, 2, 3, 4)
i: 4761	K: (0, 1, 2, 3, 4)
i: 4775	K: (0, 1, 2, 4, 6)
i: 4797	K: (1, 3, 4, 5, 6)
i: 4841	K: (0, 1, 2, 3, 4)
i: 4870	K: (0, 1, 2, 5, 6)
i: 4891	K: (2, 3, 4, 5, 6)
i: 4893	K: (0, 1, 3, 4, 6)
i: 4915	K: (1, 2, 3, 4, 5)
i: 4927	K: (0, 1, 2, 3, 6)
i: 4933	K: (1, 3, 4, 5, 6)
i: 4934	K: (0, 1, 2, 4, 6)
i: 4941	K: (0, 1, 4, 5, 6)
i: 4956	K: (0, 2, 4, 5, 6)
i: 4973	K: (0, 1, 3, 5, 6)
i: 4975	K: (0, 1, 3, 4, 5)
i: 4977	K: (0, 1, 2, 3, 4)
i: 4986	K: (1, 3, 4, 5, 6)
i: 4997	K: (0, 1, 3, 4, 6)
i: 5015	K: (0, 1, 2, 3, 6)
i: 5036	K: (0, 1, 2, 4, 6)
i: 5043	K: (0, 1, 2, 3, 5)
i: 5045	K: (0, 1, 2, 3, 6)
i: 5058	K: (0, 1, 3, 4, 6)
i: 5081	K: (0, 1, 2, 3, 5)
i: 5095	K: (0, 1, 3, 5, 6)
i: 5096	K: (0, 1, 2, 4, 6)
i: 5107	K: (1, 2, 4, 5, 6)
i: 5109	K: (0, 1, 3, 4, 6)
i: 5120	K: (0, 3, 4, 5, 6)
i: 5125	K: (1, 2, 4, 5, 6)
i: 5187	K: (0, 1, 4, 5, 6)
i: 5200	K: (0, 1, 2, 4, 6)
i: 5208	K: (0, 1, 2, 4, 6)
i: 5219	K: (1, 2, 4, 5, 6)
i: 5225	K: (0, 1, 2, 3, 4)
i: 5230	K: (0, 1, 2, 4, 6)
i: 5239	K: (1, 2, 3, 4, 5)
i: 5241	K: (0, 2, 3, 4, 6)
i: 5249	K: (0, 1, 2, 4, 6)
i: 5253	K: (0, 3, 4, 5, 6)
i: 5266	K: (0, 3, 4, 5, 6)
i: 5267	K: (0, 1, 2, 4, 6)
i: 5280	K: (0, 1, 2, 4, 6)
i: 5338	K: (0, 1, 2, 3, 6)
i: 5351	K: (0, 1, 3, 4, 6)
i: 5355	K: (0, 1, 3, 5, 6)
i: 5362	K: (0, 1, 3, 4, 6)
i: 5368	K: (0, 2, 4, 5, 6)
i: 5377	K: (0, 1, 2, 5, 6)
i: 5388	K: (0, 1, 2, 4, 6)
i: 5406	K: (1, 2, 3, 4, 5)
i: 5408	K: (0, 1, 2, 3, 6)
i: 5426	K: (0, 1, 2, 3, 5)
i: 5438	K: (0, 1, 2, 3, 6)
i: 5450	K: (0, 1, 3, 5, 6)
i: 5451	K: (0, 1, 2, 4, 6)
i: 5469	K: (0, 1, 2, 4, 6)
i: 5479	K: (1, 2, 3, 4, 5)
i: 5481	K: (0, 1, 2, 3, 4)
i: 5509	K: (0, 1, 3, 4, 6)
i: 5521	K: (0, 1, 2, 4, 5)
i: 5544	K: (1, 3, 4, 5, 6)
i: 5551	K: (0, 1, 2, 5, 6)
i: 5575	K: (0, 1, 2, 4, 6)
i: 5583	K: (0, 1, 3, 4, 6)
i: 5627	K: (0, 1, 2, 5, 6)
i: 5637	K: (0, 3, 4, 5, 6)
i: 5639	K: (0, 1, 3, 4, 6)
i: 5652	K: (2, 3, 4, 5, 6)
i: 5654	K: (0, 1, 2, 3, 5)
i: 5660	K: (0, 1, 2, 4, 5)
i: 5705	K: (0, 1, 3, 4, 6)
i: 5717	K: (1, 2, 3, 4, 6)
i: 5733	K: (0, 2, 3, 4, 6)
i: 5747	K: (1, 2, 4, 5, 6)
i: 5757	K: (0, 1, 2, 4, 5)
i: 5759	K: (0, 1, 2, 3, 4)
i: 5766	K: (1, 2, 4, 5, 6)
i: 5773	K: (0, 1, 2, 4, 5)
i: 5782	K: (0, 1, 2, 5, 6)
i: 5785	K: (0, 3, 4, 5, 6)
i: 5798	K: (0, 1, 2, 3, 4)
i: 5808	K: (0, 1, 2, 4, 5)
i: 5811	K: (0, 1, 3, 4, 5)
i: 5822	K: (0, 1, 2, 4, 5)
i: 5828	K: (1, 2, 4, 5, 6)
i: 5830	K: (0, 1, 3, 4, 6)
i: 5834	K: (0, 1, 3, 4, 5)
i: 5861	K: (0, 2, 3, 4, 6)
i: 5887	K: (1, 2, 3, 5, 6)
i: 5896	K: (2, 3, 4, 5, 6)
i: 5921	K: (0, 2, 3, 4, 5)
i: 5923	K: (0, 1, 2, 3, 4)
i: 5944	K: (1, 2, 3, 5, 6)
i: 5957	K: (0, 1, 2, 3, 4)
i: 5963	K: (0, 1, 2, 4, 5)
i: 5969	K: (0, 1, 3, 4, 5)
i: 5971	K: (1, 2, 3, 4, 6)
i: 5998	K: (1, 2, 3, 5, 6)
i: 6004	K: (0, 2, 3, 4, 6)
i: 6014	K: (0, 1, 2, 5, 6)
i: 6031	K: (0, 1, 3, 4, 5)
i: 6038	K: (0, 1, 2, 5, 6)
i: 6046	K: (1, 2, 3, 4, 5)
i: 6060	K: (2, 3, 4, 5, 6)
i: 6066	K: (1, 2, 3, 4, 6)
i: 6090	K: (1, 2, 3, 4, 5)
i: 6092	K: (0, 1, 2, 3, 4)
i: 6100	K: (1, 2, 3, 5, 6)
i: 6108	K: (0, 1, 4, 5, 6)
i: 6118	K: (0, 1, 2, 5, 6)
i: 6204	K: (0, 1, 3, 5, 6)
i: 6235	K: (2, 3, 4, 5, 6)
i: 6237	K: (0, 1, 3, 4, 6)
i: 6247	K: (0, 2, 3, 5, 6)
i: 6249	K: (0, 1, 3, 4, 5)
i: 6256	K: (0, 2, 3, 4, 5)
i: 6258	K: (0, 1, 2, 3, 5)
i: 6280	K: (0, 1, 2, 4, 6)
i: 6286	K: (0, 1, 2, 5, 6)
i: 6292	K: (1, 2, 3, 4, 6)
i: 6309	K: (0, 1, 2, 5, 6)
i: 6318	K: (0, 2, 3, 5, 6)
i: 6320	K: (0, 1, 3, 4, 5)
i: 6345	K: (0, 2, 3, 4, 5)
i: 6347	K: (0, 1, 2, 3, 6)
i: 6365	K: (2, 3, 4, 5, 6)
i: 6367	K: (0, 1, 3, 4, 6)
i: 6384	K: (0, 1, 2, 4, 5)
i: 6387	K: (0, 3, 4, 5, 6)
i: 6393	K: (0, 1, 2, 4, 6)
i: 6396	K: (0, 1, 2, 4, 5)
i: 6410	K: (0, 1, 4, 5, 6)
i: 6418	K: (1, 3, 4, 5, 6)
i: 6449	K: (0, 1, 3, 4, 5)
i: 6470	K: (0, 1, 2, 3, 5)
i: 6477	K: (1, 2, 3, 4, 5)
i: 6479	K: (0, 1, 2, 3, 5)
i: 6481	K: (0, 1, 3, 4, 6)
i: 6511	K: (0, 1, 2, 4, 5)
i: 6516	K: (1, 2, 4, 5, 6)
i: 6522	K: (0, 1, 2, 3, 5)
i: 6557	K: (0, 1, 3, 4, 5)
i: 6559	K: (0, 1, 2, 3, 4)
i: 6567	K: (0, 1, 2, 3, 6)
i: 6574	K: (0, 1, 2, 4, 6)
i: 6581	K: (0, 1, 3, 5, 6)
i: 6587	K: (1, 2, 3, 5, 6)
i: 6589	K: (0, 1, 2, 3, 6)
i: 6591	K: (1, 2, 4, 5, 6)
i: 6593	K: (0, 1, 3, 4, 5)
i: 6605	K: (0, 1, 2, 3, 5)
i: 6607	K: (0, 1, 2, 3, 5)
i: 6616	K: (0, 1, 2, 4, 6)
i: 6619	K: (0, 1, 2, 4, 5)
i: 6621	K: (0, 1, 2, 3, 6)
i: 6631	K: (1, 2, 3, 4, 5)
i: 6633	K: (0, 1, 2, 3, 5)
i: 6641	K: (0, 1, 2, 4, 5)
i: 6699	K: (0, 1, 2, 4, 6)
i: 6719	K: (0, 1, 2, 4, 5)
i: 6721	K: (0, 1, 2, 3, 6)
i: 6731	K: (0, 1, 2, 3, 4)
i: 6749	K: (0, 1, 2, 3, 4)
i: 6751	K: (0, 1, 2, 4, 5)
i: 6753	K: (0, 1, 2, 3, 4)
i: 6785	K: (0, 1, 2, 3, 5)
i: 6791	K: (0, 2, 3, 5, 6)
i: 6796	K: (1, 2, 3, 5, 6)
i: 6798	K: (0, 1, 3, 4, 5)
i: 6800	K: (0, 1, 2, 3, 6)
i: 6811	K: (1, 3, 4, 5, 6)
i: 6817	K: (0, 1, 2, 3, 6)
i: 6838	K: (0, 1, 2, 3, 4)
i: 6854	K: (0, 1, 3, 4, 6)
i: 6880	K: (0, 1, 2, 3, 4)
i: 6908	K: (0, 1, 3, 5, 6)
i: 6912	K: (1, 2, 3, 4, 5)
i: 6925	K: (1, 2, 4, 5, 6)
i: 6929	K: (1, 2, 4, 5, 6)
i: 6965	K: (0, 1, 3, 5, 6)
i: 6980	K: (0, 1, 2, 5, 6)
i: 6984	K: (0, 1, 2, 4, 5)
i: 6986	K: (0, 1, 3, 5, 6)
i: 6988	K: (0, 1, 2, 3, 6)
i: 6993	K: (1, 2, 3, 4, 6)
i: 7011	K: (0, 1, 3, 5, 6)
i: 7017	K: (0, 1, 2, 3, 4)
i: 7019	K: (0, 2, 3, 4, 5)
i: 7046	K: (0, 1, 2, 3, 4)
i: 7062	K: (0, 1, 2, 3, 5)
i: 7064	K: (0, 1, 3, 4, 6)
i: 7086	K: (0, 1, 2, 4, 5)
i: 7092	K: (0, 2, 3, 4, 5)
i: 7094	K: (0, 1, 2, 3, 6)
i: 7120	K: (1, 2, 4, 5, 6)
i: 7122	K: (0, 2, 3, 5, 6)
i: 7124	K: (1, 2, 3, 4, 6)
i: 7151	K: (0, 2, 3, 4, 6)
i: 7160	K: (0, 2, 3, 4, 5)
i: 7162	K: (0, 1, 2, 3, 5)
i: 7164	K: (0, 1, 3, 4, 5)
i: 7185	K: (0, 2, 4, 5, 6)
i: 7206	K: (1, 2, 3, 5, 6)
i: 7208	K: (0, 1, 3, 4, 5)
i: 7210	K: (1, 2, 3, 4, 5)
i: 7223	K: (1, 3, 4, 5, 6)
i: 7244	K: (2, 3, 4, 5, 6)
i: 7253	K: (0, 3, 4, 5, 6)
i: 7267	K: (0, 1, 3, 4, 5)
i: 7275	K: (0, 3, 4, 5, 6)
i: 7282	K: (0, 1, 2, 4, 6)
i: 7319	K: (0, 1, 2, 4, 6)
i: 7321	K: (0, 1, 4, 5, 6)
i: 7337	K: (0, 1, 4, 5, 6)
i: 7347	K: (0, 1, 2, 3, 5)
i: 7348	K: (0, 2, 3, 5, 6)
i: 7355	K: (1, 3, 4, 5, 6)
i: 7407	K: (1, 2, 4, 5, 6)
i: 7410	K: (0, 1, 4, 5, 6)
i: 7418	K: (0, 2, 3, 5, 6)
i: 7436	K: (0, 1, 2, 4, 5)
i: 7446	K: (1, 2, 4, 5, 6)
i: 7456	K: (0, 1, 2, 3, 4)
i: 7467	K: (0, 1, 2, 4, 6)
i: 7469	K: (0, 1, 3, 4, 6)
i: 7479	K: (1, 2, 3, 4, 5)
i: 7481	K: (0, 1, 2, 3, 6)
i: 7496	K: (1, 2, 3, 4, 6)
i: 7522	K: (1, 2, 3, 4, 5)
i: 7523	K: (0, 2, 4, 5, 6)
i: 7555	K: (0, 1, 2, 4, 6)
i: 7563	K: (0, 1, 2, 3, 5)
i: 7565	K: (0, 1, 2, 3, 6)
i: 7601	K: (0, 1, 3, 4, 5)
i: 7626	K: (0, 1, 3, 5, 6)
i: 7636	K: (0, 1, 2, 4, 5)
i: 7659	K: (1, 2, 3, 4, 5)
i: 7661	K: (0, 1, 2, 3, 5)
i: 7673	K: (1, 2, 3, 4, 6)
i: 7683	K: (0, 1, 2, 4, 6)
i: 7685	K: (0, 1, 3, 4, 5)
i: 7689	K: (1, 2, 3, 4, 5)
i: 7694	K: (1, 2, 3, 4, 6)
i: 7700	K: (0, 1, 2, 3, 4)
i: 7715	K: (0, 3, 4, 5, 6)
i: 7717	K: (0, 1, 3, 4, 6)
i: 7730	K: (0, 1, 4, 5, 6)
i: 7734	K: (0, 1, 3, 5, 6)
i: 7736	K: (0, 1, 3, 4, 6)
i: 7757	K: (0, 1, 3, 5, 6)
i: 7781	K: (0, 1, 4, 5, 6)
i: 7790	K: (0, 1, 2, 5, 6)
i: 7795	K: (1, 2, 3, 5, 6)
i: 7799	K: (0, 1, 2, 4, 6)
i: 7806	K: (0, 1, 2, 4, 6)
i: 7824	K: (0, 1, 3, 4, 6)
i: 7834	K: (0, 1, 2, 3, 5)
i: 7873	K: (1, 2, 3, 4, 5)
i: 7875	K: (0, 1, 2, 3, 4)
i: 7894	K: (0, 1, 2, 4, 5)
i: 7895	K: (1, 2, 3, 5, 6)
i: 7901	K: (0, 1, 2, 3, 5)
i: 7941	K: (0, 1, 2, 3, 4)
i: 7942	K: (1, 3, 4, 5, 6)
i: 7959	K: (0, 1, 3, 4, 5)
i: 7961	K: (0, 1, 2, 3, 4)
i: 7963	K: (0, 1, 2, 4, 6)
i: 7980	K: (0, 1, 2, 4, 5)
i: 7983	K: (0, 1, 3, 4, 5)
i: 7991	K: (0, 1, 3, 5, 6)
i: 8010	K: (0, 1, 3, 4, 6)
i: 8027	K: (0, 2, 3, 4, 5)
i: 8028	K: (0, 1, 3, 5, 6)
i: 8029	K: (0, 1, 2, 3, 4)
i: 8044	K: (1, 2, 4, 5, 6)
i: 8055	K: (1, 2, 3, 4, 6)
i: 8060	K: (0, 1, 3, 5, 6)
i: 8084	K: (1, 2, 3, 4, 5)
i: 8088	K: (0, 1, 2, 4, 5)
i: 8113	K: (0, 1, 2, 4, 5)
i: 8133	K: (0, 1, 2, 4, 5)
i: 8149	K: (0, 1, 3, 4, 5)
i: 8158	K: (0, 3, 4, 5, 6)
i: 8162	K: (1, 2, 3, 5, 6)
i: 8184	K: (1, 3, 4, 5, 6)
i: 8190	K: (0, 1, 2, 3, 6)
i: 8194	K: (0, 1, 2, 5, 6)
i: 8196	K: (0, 2, 3, 5, 6)
i: 8198	K: (1, 2, 3, 4, 6)
i: 8211	K: (0, 1, 3, 5, 6)
i: 8221	K: (1, 2, 3, 4, 6)
i: 8251	K: (0, 3, 4, 5, 6)
i: 8267	K: (0, 1, 2, 3, 6)
i: 8271	K: (0, 1, 3, 5, 6)
i: 8294	K: (0, 1, 2, 4, 6)
i: 8299	K: (0, 2, 3, 5, 6)
i: 8320	K: (0, 1, 3, 4, 5)
i: 8322	K: (1, 2, 3, 4, 6)
i: 8382	K: (0, 1, 2, 4, 5)
i: 8389	K: (1, 2, 4, 5, 6)
i: 8395	K: (0, 1, 2, 5, 6)
i: 8427	K: (1, 2, 3, 4, 5)
i: 8429	K: (0, 1, 2, 3, 4)
i: 8431	K: (0, 1, 2, 4, 5)
i: 8435	K: (0, 1, 4, 5, 6)
i: 8437	K: (0, 1, 2, 3, 6)
i: 8442	K: (0, 1, 2, 3, 5)
i: 8460	K: (0, 3, 4, 5, 6)
i: 8476	K: (1, 2, 3, 4, 5)
i: 8482	K: (0, 1, 2, 4, 5)
i: 8490	K: (1, 2, 4, 5, 6)
i: 8504	K: (1, 2, 3, 4, 6)
i: 8528	K: (1, 2, 3, 5, 6)
i: 8529	K: (0, 2, 3, 4, 6)
i: 8532	K: (1, 2, 4, 5, 6)
i: 8540	K: (1, 2, 4, 5, 6)
i: 8552	K: (0, 1, 3, 4, 5)
i: 8556	K: (0, 1, 3, 4, 6)
i: 8589	K: (1, 2, 4, 5, 6)
i: 8595	K: (0, 1, 2, 3, 6)
i: 8599	K: (0, 1, 2, 3, 5)
i: 8620	K: (0, 1, 2, 4, 6)
i: 8629	K: (0, 1, 3, 5, 6)
i: 8636	K: (0, 1, 2, 4, 6)
i: 8639	K: (0, 1, 4, 5, 6)
i: 8649	K: (2, 3, 4, 5, 6)
i: 8651	K: (0, 1, 2, 3, 6)
i: 8654	K: (1, 2, 3, 4, 6)
i: 8659	K: (0, 1, 2, 3, 6)
i: 8673	K: (0, 1, 2, 4, 5)
i: 8704	K: (0, 1, 2, 5, 6)
i: 8722	K: (2, 3, 4, 5, 6)
i: 8733	K: (0, 1, 4, 5, 6)
i: 8735	K: (0, 1, 3, 4, 6)
i: 8762	K: (1, 2, 3, 4, 5)
i: 8764	K: (0, 1, 2, 3, 6)
i: 8774	K: (0, 2, 3, 4, 5)
i: 8786	K: (1, 2, 3, 5, 6)
i: 8788	K: (0, 1, 3, 4, 5)
i: 8790	K: (1, 2, 3, 4, 5)
i: 8803	K: (0, 1, 3, 4, 5)
i: 8811	K: (0, 2, 3, 4, 5)
i: 8815	K: (0, 1, 2, 4, 6)
i: 8822	K: (0, 2, 4, 5, 6)
i: 8827	K: (1, 2, 3, 4, 6)
i: 8835	K: (0, 3, 4, 5, 6)
i: 8848	K: (0, 1, 3, 4, 5)
i: 8850	K: (0, 1, 2, 3, 4)
i: 8859	K: (0, 1, 2, 3, 5)
i: 8863	K: (0, 2, 3, 5, 6)
i: 8877	K: (1, 3, 4, 5, 6)
i: 8883	K: (0, 1, 2, 3, 4)
i: 8885	K: (0, 1, 2, 3, 4)
i: 8902	K: (0, 1, 2, 3, 6)
i: 8908	K: (1, 3, 4, 5, 6)
i: 8910	K: (1, 2, 3, 5, 6)
i: 8912	K: (0, 1, 3, 4, 5)
i: 8914	K: (0, 1, 2, 3, 4)
i: 8916	K: (0, 1, 2, 3, 4)
i: 8932	K: (0, 2, 3, 5, 6)
i: 8943	K: (0, 3, 4, 5, 6)
i: 8950	K: (0, 1, 2, 3, 4)
i: 8979	K: (0, 1, 2, 4, 6)
i: 8994	K: (0, 2, 3, 4, 6)
i: 9008	K: (0, 1, 2, 3, 6)
i: 9013	K: (0, 1, 2, 3, 5)
i: 9036	K: (1, 2, 3, 5, 6)
i: 9057	K: (0, 2, 4, 5, 6)
i: 9064	K: (0, 2, 3, 4, 5)
i: 9066	K: (0, 1, 2, 3, 6)
i: 9071	K: (0, 2, 3, 4, 5)
i: 9073	K: (0, 1, 2, 3, 6)
i: 9081	K: (0, 2, 3, 4, 5)
i: 9090	K: (1, 2, 3, 4, 6)
i: 9118	K: (0, 1, 2, 4, 5)
i: 9121	K: (0, 1, 3, 5, 6)
i: 9149	K: (2, 3, 4, 5, 6)
i: 9162	K: (0, 1, 2, 3, 4)
i: 9164	K: (0, 1, 2, 3, 4)
i: 9176	K: (0, 1, 2, 5, 6)
i: 9181	K: (1, 2, 3, 4, 5)
i: 9183	K: (0, 1, 2, 3, 4)
i: 9202	K: (0, 1, 2, 3, 5)
i: 9212	K: (0, 1, 2, 3, 5)
i: 9213	K: (0, 2, 3, 4, 5)
i: 9215	K: (0, 1, 2, 3, 5)
i: 9222	K: (0, 1, 2, 5, 6)
i: 9227	K: (1, 2, 3, 5, 6)
i: 9235	K: (0, 1, 2, 3, 5)
i: 9236	K: (0, 2, 3, 4, 6)
i: 9245	K: (1, 2, 3, 4, 5)
i: 9246	K: (0, 2, 4, 5, 6)
i: 9247	K: (0, 1, 2, 3, 6)
i: 9258	K: (1, 2, 3, 4, 6)
i: 9267	K: (1, 2, 3, 5, 6)
i: 9282	K: (0, 1, 4, 5, 6)
i: 9294	K: (2, 3, 4, 5, 6)
i: 9296	K: (0, 1, 2, 3, 5)
i: 9301	K: (1, 2, 4, 5, 6)
i: 9312	K: (1, 2, 3, 4, 6)
i: 9314	K: (0, 1, 4, 5, 6)
i: 9320	K: (0, 1, 2, 3, 4)
i: 9322	K: (0, 1, 2, 4, 6)
i: 9347	K: (0, 1, 2, 3, 6)
i: 9375	K: (0, 2, 3, 4, 6)
i: 9383	K: (1, 2, 3, 4, 6)
i: 9428	K: (0, 1, 2, 4, 5)
i: 9456	K: (1, 2, 4, 5, 6)
i: 9465	K: (1, 2, 4, 5, 6)
i: 9471	K: (1, 2, 3, 4, 5)
i: 9473	K: (0, 1, 2, 3, 4)
i: 9486	K: (0, 1, 2, 4, 6)
i: 9506	K: (1, 2, 3, 4, 5)
i: 9508	K: (0, 1, 2, 3, 6)
i: 9512	K: (0, 2, 3, 5, 6)
i: 9518	K: (0, 1, 2, 4, 5)
i: 9528	K: (0, 1, 2, 4, 6)
i: 9536	K: (1, 3, 4, 5, 6)
i: 9548	K: (0, 1, 3, 4, 5)
i: 9555	K: (0, 1, 2, 3, 6)
i: 9568	K: (2, 3, 4, 5, 6)
i: 9570	K: (0, 1, 3, 4, 6)
i: 9578	K: (0, 1, 2, 3, 6)
i: 9592	K: (1, 2, 3, 4, 6)
i: 9594	K: (0, 2, 3, 5, 6)
i: 9598	K: (0, 2, 3, 4, 5)
i: 9600	K: (0, 1, 2, 3, 5)
i: 9604	K: (0, 2, 3, 4, 5)
i: 9606	K: (0, 1, 2, 3, 4)
i: 9607	K: (1, 3, 4, 5, 6)
i: 9619	K: (1, 2, 3, 5, 6)
i: 9636	K: (0, 1, 2, 4, 5)
i: 9642	K: (0, 1, 2, 3, 5)
i: 9653	K: (0, 2, 3, 4, 6)
i: 9658	K: (1, 2, 3, 4, 5)
i: 9659	K: (0, 2, 4, 5, 6)
i: 9660	K: (0, 1, 2, 3, 6)
i: 9667	K: (0, 1, 2, 5, 6)
i: 9690	K: (0, 1, 4, 5, 6)
i: 9692	K: (0, 1, 3, 5, 6)
i: 9700	K: (1, 2, 4, 5, 6)
i: 9707	K: (1, 2, 3, 4, 6)
i: 9709	K: (0, 1, 2, 5, 6)
i: 9719	K: (1, 2, 3, 4, 5)
i: 9721	K: (0, 1, 2, 3, 4)
i: 9737	K: (1, 2, 3, 5, 6)
i: 9743	K: (1, 2, 3, 4, 5)
i: 9750	K: (1, 2, 3, 4, 6)
i: 9757	K: (0, 1, 4, 5, 6)
i: 9762	K: (1, 2, 3, 4, 6)
i: 9767	K: (0, 2, 3, 5, 6)
i: 9779	K: (0, 1, 4, 5, 6)
i: 9796	K: (0, 1, 2, 4, 5)
i: 9831	K: (0, 1, 2, 4, 5)
i: 9833	K: (0, 2, 3, 4, 6)
i: 9844	K: (0, 3, 4, 5, 6)
i: 9846	K: (0, 1, 2, 3, 6)
i: 9862	K: (1, 3, 4, 5, 6)
i: 9871	K: (0, 1, 2, 4, 6)
i: 9874	K: (0, 2, 3, 4, 5)
i: 9885	K: (1, 2, 3, 4, 6)
i: 9891	K: (0, 1, 2, 3, 5)
i: 9909	K: (1, 2, 3, 4, 6)
i: 9927	K: (2, 3, 4, 5, 6)
i: 9936	K: (0, 2, 3, 4, 6)
i: 9953	K: (0, 2, 3, 4, 5)
i: 9981	K: (0, 1, 4, 5, 6)
i: 9990	K: (0, 1, 3, 4, 5)
i: 9992	K: (0, 1, 2, 3, 6)
time: 4.652328968048096sec